+-----------------------------------------------------+-----------------------+-----------------------+----------------------+
|                        Model                        |  Mean Reciprocal Rank |   Average Precision   |    Recall By User    |
+-----------------------------------------------------+-----------------------+-----------------------+----------------------+
|   WeightFiles/200_0.001_20_20_20May03_00-34-30.pth  |  0.06210775822507725  |  0.018097059140120275 | 0.017119749357310476 |
|   WeightFiles/350_0.001_20_20_20May03_00-34-52.pth  |  0.14067075049380445  |   0.0506168396515765  | 0.040080602800380935 |
|   WeightFiles/500_0.001_20_20_20May03_00-35-15.pth  |  0.19312198662261434  |  0.07781087702759912  | 0.05598110012211915  |
|   WeightFiles/200_0.005_20_20_20May03_00-46-46.pth  |  0.15587506956923797  |  0.06263883973396743  | 0.053163918993449924 |
|   WeightFiles/350_0.005_20_20_20May03_00-47-07.pth  |  0.20845157712002396  |  0.09303696780343836  |  0.0730671795801636  |
|   WeightFiles/500_0.005_20_20_20May03_00-47-29.pth  |   0.2198412506349904  |  0.10064453927479473  | 0.07774373295016496  |
|   WeightFiles/200_0.01_20_20_20May03_00-58-58.pth   |  0.25328678146053724  |  0.11299100737283015  | 0.08386793219444169  |
|   WeightFiles/350_0.01_20_20_20May03_00-59-20.pth   |  0.23270130348782597  |  0.10765503021574223  |  0.0841441547086334  |
|   WeightFiles/500_0.01_20_20_20May03_00-59-43.pth   |  0.31823766492298483  |  0.13460849523025997  | 0.09923424025157655  |
|   WeightFiles/200_0.001_20_50_50May03_01-11-26.pth  |  0.21189426799488967  |   0.0860904536936232  | 0.06009863576579671  |
|   WeightFiles/350_0.001_20_50_50May03_01-12-01.pth  |  0.32020990732254684  |  0.14762344088573953  |  0.0907469766854877  |
|   WeightFiles/500_0.001_20_50_50May03_01-12-35.pth  |  0.38831065317738334  |   0.1946850635527181  | 0.11801978782408562  |
|   WeightFiles/200_0.005_20_50_50May03_01-21-25.pth  |  0.31547901530559386  |   0.1550804976374673  | 0.09728585449244087  |
|   WeightFiles/350_0.005_20_50_50May03_01-21-56.pth  |   0.4520767254209256  |  0.24073641917808694  | 0.13355924407932818  |
|   WeightFiles/500_0.005_20_50_50May03_01-22-28.pth  |   0.5050497455351349  |  0.26714187106452175  | 0.15418927032361793  |
|   WeightFiles/200_0.01_20_50_50May03_01-30-46.pth   |  0.14986282565538342  |  0.06462198554713262  | 0.05492079918194631  |
|   WeightFiles/350_0.01_20_50_50May03_01-31-17.pth   |  0.32994454237653004  |  0.15734887746541384  | 0.09634347638387314  |
|   WeightFiles/500_0.01_20_50_50May03_01-31-48.pth   |  0.20305342641640903  |  0.08342350312140566  | 0.06706010376440258  |
|  WeightFiles/200_0.001_20_100_100May03_01-40-09.pth |  0.32123611183904904  |  0.15455107765686327  | 0.08855178604763211  |
|  WeightFiles/350_0.001_20_100_100May03_01-41-01.pth |  0.41546450191398987  |  0.21603784195336848  | 0.12478808111166559  |
|  WeightFiles/500_0.001_20_100_100May03_01-41-52.pth |   0.5201794939387229  |  0.26882406741005804  | 0.14785773907905844  |
|  WeightFiles/200_0.005_20_100_100May03_01-51-40.pth |  0.29584618228851195  |  0.13614294837128824  | 0.08746982297683883  |
|  WeightFiles/350_0.005_20_100_100May03_01-52-31.pth |  0.022052256897001528 |  0.007519313731504134 | 0.008488390765596638 |
|  WeightFiles/500_0.005_20_100_100May03_01-53-22.pth |  0.027392552883633705 |  0.008288966054155685 | 0.008811588330036266 |
|  WeightFiles/200_0.01_20_100_100May03_02-03-13.pth  |  0.051454637048201794 |  0.017553336250952352 | 0.017571053182818368 |
|  WeightFiles/350_0.01_20_100_100May03_02-04-04.pth  |  0.10478614498362745  |  0.03408234593493881  | 0.030390140316948155 |
|  WeightFiles/500_0.01_20_100_100May03_02-04-55.pth  |   0.1363518211464707  |  0.05785294176239998  | 0.045148085284154274 |
|   WeightFiles/200_0.001_50_20_20May03_02-14-05.pth  |  0.05149642084159147  |  0.012614167860003762 | 0.013596708742808593 |
|   WeightFiles/350_0.001_50_20_20May03_02-14-24.pth  |  0.11583868400728832  |  0.03957403049693685  | 0.035017018059950264 |
|   WeightFiles/500_0.001_50_20_20May03_02-14-43.pth  |  0.14540908696609617  |  0.056270902910728796 | 0.04611427691262401  |
|   WeightFiles/200_0.005_50_20_20May03_02-21-54.pth  |  0.18745340376456213  |  0.07817368420580108  | 0.059402272098219036 |
|   WeightFiles/350_0.005_50_20_20May03_02-22-13.pth  |  0.25306663784683503  |  0.10537464257577644  | 0.07183729039377366  |
|   WeightFiles/500_0.005_50_20_20May03_02-22-33.pth  |   0.2513723596501875  |  0.11577935799193925  | 0.08068001642720848  |
|   WeightFiles/200_0.01_50_20_20May03_02-29-53.pth   |  0.07937867290954323  |  0.025604654108791106 | 0.02551862961417629  |
|   WeightFiles/350_0.01_50_20_20May03_02-30-12.pth   |  0.12005871162926852  |  0.044615741055470164 | 0.04314660646711346  |
|   WeightFiles/500_0.01_50_20_20May03_02-30-31.pth   |  0.11419645998623364  |  0.043822438205928946 | 0.04339177113327794  |
|   WeightFiles/200_0.001_50_50_50May03_02-38-00.pth  |   0.2088222347520567  |   0.0766098799519194  | 0.04856849761764968  |
|   WeightFiles/350_0.001_50_50_50May03_02-38-31.pth  |  0.32204486504912205  |  0.14325426303014147  | 0.08963891458284813  |
|   WeightFiles/500_0.001_50_50_50May03_02-39-02.pth  |   0.4110949046197408  |  0.19902828973529046  | 0.11880195916286776  |
|   WeightFiles/200_0.005_50_50_50May03_02-47-14.pth  |   0.3492303196297634  |   0.1670700773946555  | 0.10179957433444733  |
|   WeightFiles/350_0.005_50_50_50May03_02-47-45.pth  |  0.46182122360581374  |  0.24172701658119994  | 0.14361826465157537  |
|   WeightFiles/500_0.005_50_50_50May03_02-48-16.pth  |   0.5324300240788395  |  0.29091791732476313  | 0.15700120897457562  |
|   WeightFiles/200_0.01_50_50_50May03_02-56-20.pth   |   0.3771324977795838  |  0.18844369278124684  | 0.10638355583265181  |
|   WeightFiles/350_0.01_50_50_50May03_02-56-51.pth   | 0.0009703504960169618 | 5.778623122663371e-05 | 0.001097616692860704 |
|   WeightFiles/500_0.01_50_50_50May03_02-57-23.pth   |  0.15859798336263087  |  0.07446437673008108  | 0.06621986919066543  |
|  WeightFiles/200_0.001_50_100_100May03_03-06-00.pth |  0.33687142256335467  |  0.15132108924013718  | 0.08759965137728963  |
|  WeightFiles/350_0.001_50_100_100May03_03-06-51.pth |   0.4620354074566521  |   0.239379663712191   | 0.13132020382852932  |
|  WeightFiles/500_0.001_50_100_100May03_03-07-43.pth |   0.569024876703355   |   0.3081647723239093  | 0.16386364370723658  |
|  WeightFiles/200_0.005_50_100_100May03_03-17-33.pth |   0.4429072810208492  |  0.22280802707053868  | 0.11699000300373891  |
|  WeightFiles/350_0.005_50_100_100May03_03-18-25.pth |   0.3998290902511023  |  0.19839303565887154  | 0.11620851891440444  |
|  WeightFiles/500_0.005_50_100_100May03_03-19-16.pth |  0.39660498534162864  |  0.18286904806880427  | 0.10764981816337586  |
|  WeightFiles/200_0.01_50_100_100May03_03-29-22.pth  |  0.09891637977784472  |  0.030919766653195457 | 0.026981789496094397 |
|  WeightFiles/350_0.01_50_100_100May03_03-30-13.pth  |  0.09904575575882299  |  0.04155716738885473  | 0.03954939060163479  |
|  WeightFiles/500_0.01_50_100_100May03_03-31-05.pth  |  0.18613848353541823  |  0.08494408222754203  | 0.057128160617365156 |
|  WeightFiles/200_0.001_100_20_20May03_03-40-26.pth  |  0.06250158476455306  |  0.01718063758437985  | 0.017407224199374235 |
|  WeightFiles/350_0.001_100_20_20May03_03-40-45.pth  |  0.14464243007181798  |  0.04686191908237964  | 0.03540387769550422  |
|  WeightFiles/500_0.001_100_20_20May03_03-41-04.pth  |  0.16937956673574162  |  0.06547257784913742  | 0.05122043810000152  |
|  WeightFiles/200_0.005_100_20_20May03_03-48-31.pth  |  0.13734377570430126  |  0.05341658189720499  | 0.042673992096515956 |
|  WeightFiles/350_0.005_100_20_20May03_03-48-50.pth  |   0.2180610533562946  |  0.09701575139643638  |  0.0691174853626688  |
|  WeightFiles/500_0.005_100_20_20May03_03-49-09.pth  |  0.25057686260520434  |  0.10934689498410087  | 0.07121494074445128  |
|   WeightFiles/200_0.01_100_20_20May03_03-56-23.pth  |  0.20292920442438156  |  0.09264710844925629  | 0.07111863315127463  |
|   WeightFiles/350_0.01_100_20_20May03_03-56-43.pth  |   0.2828666839740708  |  0.13092824367411043  | 0.08249036797556358  |
|   WeightFiles/500_0.01_100_20_20May03_03-57-02.pth  |  0.29356230174896264  |  0.14257842459355216  | 0.09168816078172819  |
|  WeightFiles/200_0.001_100_50_50May03_04-04-27.pth  |   0.2119823031573766  |  0.08934479975390965  | 0.05936045911551219  |
|  WeightFiles/350_0.001_100_50_50May03_04-04-58.pth  |   0.3367270535926909  |  0.15802990352097163  | 0.09256454183916335  |
|  WeightFiles/500_0.001_100_50_50May03_04-05-30.pth  |   0.4245433933834997  |  0.21557948045074968  | 0.12824361315704386  |
|  WeightFiles/200_0.005_100_50_50May03_04-13-42.pth  |   0.3216561895454041  |  0.14611103823120464  | 0.09585378913975064  |
|  WeightFiles/350_0.005_100_50_50May03_04-14-13.pth  |   0.4653356345801161  |  0.23293539006100533  | 0.14192730686550642  |
|  WeightFiles/500_0.005_100_50_50May03_04-14-45.pth  |   0.4474479863820939  |  0.21890189062485502  |  0.1400184225391123  |
|   WeightFiles/200_0.01_100_50_50May03_04-22-49.pth  |   0.3878841675186831  |  0.19508935862211407  | 0.11077656156251227  |
|   WeightFiles/350_0.01_100_50_50May03_04-23-21.pth  |  0.39143390538382333  |  0.19852506534573094  | 0.11841027094050911  |
|   WeightFiles/500_0.01_100_50_50May03_04-23-52.pth  |   0.4335937693531542  |  0.21764984729924342  |  0.1247844465210159  |
| WeightFiles/200_0.001_100_100_100May03_09-03-17.pth |   0.3302186826706892  |  0.15874010889523257  | 0.09454016568971757  |
| WeightFiles/350_0.001_100_100_100May03_09-04-08.pth |   0.4507395747509728  |  0.23883708850489044  |  0.1327020364923413  |
| WeightFiles/500_0.001_100_100_100May03_09-04-59.pth |   0.5494645344459892  |  0.29024943367992523  | 0.16011121046044352  |
| WeightFiles/200_0.005_100_100_100May03_09-15-17.pth |  0.42133907176551477  |  0.22674763627926942  | 0.12045941249562192  |
| WeightFiles/350_0.005_100_100_100May03_09-16-11.pth |  0.13312854935748605  |  0.05827204375689675  | 0.05518033314869977  |
| WeightFiles/500_0.005_100_100_100May03_09-17-03.pth |   0.2962937303667511  |   0.1307085038310503  | 0.09641747933652098  |
|  WeightFiles/200_0.01_100_100_100May03_09-29-10.pth |  0.10115487636306114  |  0.04123956940462361  | 0.036393989508586744 |
|  WeightFiles/350_0.01_100_100_100May03_09-30-07.pth |  0.03883217421504822  |  0.010099139805842592 | 0.011056938681081228 |
|  WeightFiles/500_0.01_100_100_100May03_09-31-15.pth |  0.11592206438431527  |  0.04500397818255017  | 0.03385039575644345  |
+-----------------------------------------------------+-----------------------+-----------------------+----------------------+
+-----------------------------------------------------+------------------------+-----------------------+-----------------------+
|                        Model                        |  Mean Reciprocal Rank  |   Average Precision   |     Recall By User    |
+-----------------------------------------------------+------------------------+-----------------------+-----------------------+
|   WeightFiles/200_0.001_20_20_20May03_00-34-30.pth  |  0.013696774915991809  |  0.00252778566591647  |  0.002848245205726171 |
|   WeightFiles/350_0.001_20_20_20May03_00-34-52.pth  |  0.019112237738291373  |  0.004906735085949482 |  0.004839656918533917 |
|   WeightFiles/500_0.001_20_20_20May03_00-35-15.pth  |  0.023108477837629902  |  0.005186135268670099 |  0.00539519416405951  |
|   WeightFiles/200_0.005_20_20_20May03_00-46-46.pth  |  0.021049099781488667  |  0.005076253653037708 |  0.006066649229553898 |
|   WeightFiles/350_0.005_20_20_20May03_00-47-07.pth  |  0.028837077277512134  |  0.006666952631132197 |  0.008514435865727522 |
|   WeightFiles/500_0.005_20_20_20May03_00-47-29.pth  |  0.03899927339623019   |  0.010047027279136412 |  0.010026669075889746 |
|   WeightFiles/200_0.01_20_20_20May03_00-58-58.pth   |  0.026024628691910974  |  0.006538674740292387 |  0.007599887472268967 |
|   WeightFiles/350_0.01_20_20_20May03_00-59-20.pth   |  0.03435398657500268   |  0.008678407013523112 |  0.008585010008584863 |
|   WeightFiles/500_0.01_20_20_20May03_00-59-43.pth   |  0.02720426750274361   |  0.006916917245121582 |  0.008374334698873224 |
|   WeightFiles/200_0.001_20_50_50May03_01-11-26.pth  |  0.021474191393486292  |  0.004237691136263117 |  0.004553789982787166 |
|   WeightFiles/350_0.001_20_50_50May03_01-12-01.pth  |  0.02618648543522458   |  0.005961629769439366 | 0.0070715741362808275 |
|   WeightFiles/500_0.001_20_50_50May03_01-12-35.pth  |  0.02909399032783337   |  0.007777907313274959 |  0.009705369571268444 |
|   WeightFiles/200_0.005_20_50_50May03_01-21-25.pth  |  0.02391711178526932   |  0.00586204072114676  |  0.008482303930726432 |
|   WeightFiles/350_0.005_20_50_50May03_01-21-56.pth  |  0.029646308517169203  | 0.0072296278416286155 |  0.008132920818745906 |
|   WeightFiles/500_0.005_20_50_50May03_01-22-28.pth  |  0.02825418013527123   |  0.007152186640329052 |  0.008698667923122417 |
|   WeightFiles/200_0.01_20_50_50May03_01-30-46.pth   |  0.03662310520996655   |  0.009400683893849529 |  0.010288672628524995 |
|   WeightFiles/350_0.01_20_50_50May03_01-31-17.pth   |  0.029502728396099596  |  0.007204246176510108 |  0.00990037862616881  |
|   WeightFiles/500_0.01_20_50_50May03_01-31-48.pth   |  0.03990958246052296   |  0.010464522179317072 |  0.011756797108548645 |
|  WeightFiles/200_0.001_20_100_100May03_01-40-09.pth |  0.030556682932547815  |  0.006759989646576335 |  0.006623215841696409 |
|  WeightFiles/350_0.001_20_100_100May03_01-41-01.pth |  0.026752570455586967  |  0.005967104675510248 |  0.006589414023675323 |
|  WeightFiles/500_0.001_20_100_100May03_01-41-52.pth |  0.041393630144471935  |  0.00900096793127753  |  0.00994797445121608  |
|  WeightFiles/200_0.005_20_100_100May03_01-51-40.pth |  0.038474486537591474  |  0.010020226574680905 |  0.009759094945397152 |
|  WeightFiles/350_0.005_20_100_100May03_01-52-31.pth |  0.011812566187837091  | 0.0034199848770940094 | 0.0022922291995291196 |
|  WeightFiles/500_0.005_20_100_100May03_01-53-22.pth |  0.010565589800801432  | 0.0022095846637023102 | 0.0037425192493777027 |
|  WeightFiles/200_0.01_20_100_100May03_02-03-13.pth  |  0.018299892162935018  |  0.004472689917151992 |  0.005684287042384899 |
|  WeightFiles/350_0.01_20_100_100May03_02-04-04.pth  |  0.05550259015358757   |  0.014206575904315838 |   0.013922836816821   |
|  WeightFiles/500_0.01_20_100_100May03_02-04-55.pth  |  0.06356555718674665   |  0.018138039043859456 |  0.014690593664939772 |
|   WeightFiles/200_0.001_50_20_20May03_02-14-05.pth  |  0.012446897698782686  |  0.002366869787419323 | 0.0035110568970207175 |
|   WeightFiles/350_0.001_50_20_20May03_02-14-24.pth  |  0.018399637025236035  |  0.004501706461752901 |  0.005405844019319877 |
|   WeightFiles/500_0.001_50_20_20May03_02-14-43.pth  |  0.021652271696500826  |  0.004962833303177729 |  0.006396112491519914 |
|   WeightFiles/200_0.005_50_20_20May03_02-21-54.pth  |  0.021972505613094252  | 0.0046445886767171604 |  0.005815156622109989 |
|   WeightFiles/350_0.005_50_20_20May03_02-22-13.pth  |  0.030458139536161437  |  0.008170770510878871 |  0.008161657736555925 |
|   WeightFiles/500_0.005_50_20_20May03_02-22-33.pth  |  0.024958111002538617  |  0.005932285208771277 |  0.007888355814560915 |
|   WeightFiles/200_0.01_50_20_20May03_02-29-53.pth   |  0.01822573122754061   |  0.004253020255458336 |  0.005829584445913021 |
|   WeightFiles/350_0.01_50_20_20May03_02-30-12.pth   |  0.02748323210493754   |  0.007344256051396146 |  0.006645207116910693 |
|   WeightFiles/500_0.01_50_20_20May03_02-30-31.pth   |  0.02199727488304494   | 0.0071281073961298414 |  0.00799434349759073  |
|   WeightFiles/200_0.001_50_50_50May03_02-38-00.pth  |  0.016252860006066756  | 0.0028106330348358216 |  0.003958868246132688 |
|   WeightFiles/350_0.001_50_50_50May03_02-38-31.pth  |  0.02958739683819432   |  0.007505209696993754 |  0.007724084672381581 |
|   WeightFiles/500_0.001_50_50_50May03_02-39-02.pth  |  0.03460645714314068   |  0.007711766181015409 |  0.007174106077850705 |
|   WeightFiles/200_0.005_50_50_50May03_02-47-14.pth  |  0.026832794867164958  |  0.007303384948814517 |  0.008563402484552606 |
|   WeightFiles/350_0.005_50_50_50May03_02-47-45.pth  |  0.028311700448097374  |  0.006567066822496389 |  0.009614403891540217 |
|   WeightFiles/500_0.005_50_50_50May03_02-48-16.pth  |  0.030112464862926236  |  0.006090182187953084 |  0.007586221713525087 |
|   WeightFiles/200_0.01_50_50_50May03_02-56-20.pth   |  0.03451779672938654   |  0.00849907535060399  |  0.011545789725184077 |
|   WeightFiles/350_0.01_50_50_50May03_02-56-51.pth   | 0.00041402881608763956 | 7.687714031754281e-05 | 0.0001537787037590212 |
|   WeightFiles/500_0.01_50_50_50May03_02-57-23.pth   |  0.03408117869653087   |  0.009754207597957597 |  0.011823014097665176 |
|  WeightFiles/200_0.001_50_100_100May03_03-06-00.pth |  0.025930522809632404  |  0.006400948053924062 |  0.00684643697780223  |
|  WeightFiles/350_0.001_50_100_100May03_03-06-51.pth |  0.03142681113371043   |  0.007845571460273475 |  0.008172551322603945 |
|  WeightFiles/500_0.001_50_100_100May03_03-07-43.pth |  0.03703208717196117   |  0.00992585092968607  |  0.00943543859591017  |
|  WeightFiles/200_0.005_50_100_100May03_03-17-33.pth |  0.022000165044201856  |  0.005081388539650925 |  0.006950294086366416 |
|  WeightFiles/350_0.005_50_100_100May03_03-18-25.pth |  0.03646864719152674   |  0.008250469128824397 |  0.00792251847491271  |
|  WeightFiles/500_0.005_50_100_100May03_03-19-16.pth |  0.032799441908052646  |  0.008148349736348964 |  0.008015545438870578 |
|  WeightFiles/200_0.01_50_100_100May03_03-29-22.pth  |  0.060639969753104934  |  0.01566267879781037  |  0.01320684411443078  |
|  WeightFiles/350_0.01_50_100_100May03_03-30-13.pth  |  0.04300821247868424   |  0.010728878776452311 |  0.013757405124851527 |
|  WeightFiles/500_0.01_50_100_100May03_03-31-05.pth  |  0.03562032531243713   |  0.009888730056493215 |  0.01177941280854058  |
|  WeightFiles/200_0.001_100_20_20May03_03-40-26.pth  |  0.014700563233390812  |  0.00286155484049834  |  0.003696537565213306 |
|  WeightFiles/350_0.001_100_20_20May03_03-40-45.pth  |  0.025224267397240083  |  0.005114065682339675 |  0.005063125430949186 |
|  WeightFiles/500_0.001_100_20_20May03_03-41-04.pth  |  0.016763944160542707  | 0.0033157447901255937 |  0.005637906299928478 |
|  WeightFiles/200_0.005_100_20_20May03_03-48-31.pth  |  0.018920938933773147  |  0.004488396753315483 | 0.0058339043439156165 |
|  WeightFiles/350_0.005_100_20_20May03_03-48-50.pth  |  0.01969262749722621   |  0.004711596422583264 |  0.006221958104929842 |
|  WeightFiles/500_0.005_100_20_20May03_03-49-09.pth  |  0.022507183620080355  |  0.005525658856537341 |  0.008510069537732826 |
|   WeightFiles/200_0.01_100_20_20May03_03-56-23.pth  |  0.023718485201601386  |  0.006102617069463047 |  0.007857099742712441 |
|   WeightFiles/350_0.01_100_20_20May03_03-56-43.pth  |  0.03357998961546899   |  0.009370646170135338 |  0.010641881131479436 |
|   WeightFiles/500_0.01_100_20_20May03_03-57-02.pth  |  0.023362436967459807  |  0.007331122184918626 |  0.008955715713224155 |
|  WeightFiles/200_0.001_100_50_50May03_04-04-27.pth  |  0.027627279506081175  | 0.0058082603035079835 |  0.00539293702448404  |
|  WeightFiles/350_0.001_100_50_50May03_04-04-58.pth  |  0.02820659774776797   | 0.0068916961328145555 |  0.006560734671313887 |
|  WeightFiles/500_0.001_100_50_50May03_04-05-30.pth  |  0.022650911728507573  |  0.005940379384547341 |  0.007029023193117887 |
|  WeightFiles/200_0.005_100_50_50May03_04-13-42.pth  |  0.02622561254923531   |  0.00642780620652138  |  0.006448816831805235 |
|  WeightFiles/350_0.005_100_50_50May03_04-14-13.pth  |  0.03185124298354493   |  0.009161411332046005 |  0.009914845933328373 |
|  WeightFiles/500_0.005_100_50_50May03_04-14-45.pth  |  0.05179275771814177   |  0.012712703311480394 |  0.012394574434762128 |
|   WeightFiles/200_0.01_100_50_50May03_04-22-49.pth  |  0.03442909406920184   |  0.008196234605607672 |  0.01052501605850295  |
|   WeightFiles/350_0.01_100_50_50May03_04-23-21.pth  |  0.03655625645869497   |  0.011506461969403145 |  0.010736155895150071 |
|   WeightFiles/500_0.01_100_50_50May03_04-23-52.pth  |  0.026924131154358395  |  0.006578796878645949 |  0.00823443525273973  |
| WeightFiles/200_0.001_100_100_100May03_09-03-17.pth |  0.03252468658423508   |  0.007489867004770256 |  0.007766211725984205 |
| WeightFiles/350_0.001_100_100_100May03_09-04-08.pth |  0.03452112044498133   |  0.009237719590351169 |  0.010854906956566235 |
| WeightFiles/500_0.001_100_100_100May03_09-04-59.pth |  0.038960031980531475  |  0.010555814489518051 |  0.011219279447860012 |
| WeightFiles/200_0.005_100_100_100May03_09-15-17.pth |  0.024045685149916608  |  0.006196957718923662 |  0.007337964937954565 |
| WeightFiles/350_0.005_100_100_100May03_09-16-11.pth |  0.019249569543244808  |  0.004161007187257187 |   0.0054168935046575  |
| WeightFiles/500_0.005_100_100_100May03_09-17-03.pth |  0.03114162353513727   |  0.008173019295376109 |  0.010509863247441062 |
|  WeightFiles/200_0.01_100_100_100May03_09-29-10.pth |  0.04865689783300076   |  0.013114118175855793 |  0.016267160458274713 |
|  WeightFiles/350_0.01_100_100_100May03_09-30-07.pth |  0.025168055759078354  |  0.00503444841793913  |  0.005072158022554159 |
|  WeightFiles/500_0.01_100_100_100May03_09-31-15.pth |  0.07440386578821033   |  0.021306141179511923 |  0.01531696009778519  |
+-----------------------------------------------------+------------------------+-----------------------+-----------------------+
+-----------------------------------------------------+-----------------------+-----------------------+------------------------+
|                        Model                        |  Mean Reciprocal Rank |   Average Precision   |     Recall By User     |
+-----------------------------------------------------+-----------------------+-----------------------+------------------------+
|   WeightFiles/200_0.001_20_20_20May03_00-34-30.pth  |  0.01707195819367974  |  0.003212739962565813 |  0.00414834420472765   |
|   WeightFiles/350_0.001_20_20_20May03_00-34-52.pth  |  0.028438468099680564 |  0.00619239002268801  |  0.006105107396897816  |
|   WeightFiles/500_0.001_20_20_20May03_00-35-15.pth  |  0.03127842531649171  |   0.0079570771935323  |  0.007961055526552633  |
|   WeightFiles/200_0.005_20_20_20May03_00-46-46.pth  |   0.0367637359998988  |  0.009001115279629216 |  0.01123755818569412   |
|   WeightFiles/350_0.005_20_20_20May03_00-47-07.pth  |  0.04803230613171532  |  0.01220221433923833  |  0.01107681870378025   |
|   WeightFiles/500_0.005_20_20_20May03_00-47-29.pth  |   0.0442696100080286  |  0.011443383569904465 |  0.010829259065040349  |
|   WeightFiles/200_0.01_20_20_20May03_00-58-58.pth   |  0.03652938668376658  |  0.009585612987803391 |  0.009887093103634894  |
|   WeightFiles/350_0.01_20_20_20May03_00-59-20.pth   |  0.043385548511893995 |  0.012732658858169694 |  0.01243727848380811   |
|   WeightFiles/500_0.01_20_20_20May03_00-59-43.pth   |  0.042205841134602795 |  0.01102378708280024  |  0.013227656625848695  |
|   WeightFiles/200_0.001_20_50_50May03_01-11-26.pth  |  0.01796703846062612  |  0.004646039530215229 | 0.0057851393664393996  |
|   WeightFiles/350_0.001_20_50_50May03_01-12-01.pth  |  0.031951848755729984 |  0.008539977531927997 |  0.008876347220185333  |
|   WeightFiles/500_0.001_20_50_50May03_01-12-35.pth  |  0.026102428142176098 |  0.006316375909951761 |  0.008629653196896514  |
|   WeightFiles/200_0.005_20_50_50May03_01-21-25.pth  |  0.02580441333438554  |  0.005408293887485065 |  0.007248272129475591  |
|   WeightFiles/350_0.005_20_50_50May03_01-21-56.pth  |  0.034554563589221265 |  0.009962462692106653 |  0.009242315206000402  |
|   WeightFiles/500_0.005_20_50_50May03_01-22-28.pth  |  0.033039173462290704 |  0.008868759917842736 |  0.010025303006791506  |
|   WeightFiles/200_0.01_20_50_50May03_01-30-46.pth   |  0.03060136716557522  |  0.008439806936699351 |  0.010710669479089078  |
|   WeightFiles/350_0.01_20_50_50May03_01-31-17.pth   |  0.03742958726378574  |  0.010699446319504365 |  0.012039022848340117  |
|   WeightFiles/500_0.01_20_50_50May03_01-31-48.pth   |  0.046952987377519066 |  0.011840843648955103 |  0.014791050129863079  |
|  WeightFiles/200_0.001_20_100_100May03_01-40-09.pth |  0.02346547215233967  |  0.005348678178546599 |  0.007407416602471219  |
|  WeightFiles/350_0.001_20_100_100May03_01-41-01.pth |   0.039593700179671   |  0.010839744328598818 |  0.009562925921962513  |
|  WeightFiles/500_0.001_20_100_100May03_01-41-52.pth |  0.03653982817276454  |  0.009792741684270323 |  0.009805826302676264  |
|  WeightFiles/200_0.005_20_100_100May03_01-51-40.pth |  0.036227774252658586 |  0.009996187784523698 |  0.013076294370129605  |
|  WeightFiles/350_0.005_20_100_100May03_01-52-31.pth |  0.012061380900793787 | 0.0029338229005256866 |  0.004257050614400075  |
|  WeightFiles/500_0.005_20_100_100May03_01-53-22.pth |  0.007676646858287234 |  0.001956056187534516 | 0.0034929775402692794  |
|  WeightFiles/200_0.01_20_100_100May03_02-03-13.pth  |  0.02524388592353916  |  0.007368246532019752 |  0.009051320660034834  |
|  WeightFiles/350_0.01_20_100_100May03_02-04-04.pth  |  0.06870774118331426  |  0.01836205785829238  |  0.016619484040718845  |
|  WeightFiles/500_0.01_20_100_100May03_02-04-55.pth  |  0.07396616205679274  |  0.021742064395013302 |  0.020551966401676374  |
|   WeightFiles/200_0.001_50_20_20May03_02-14-05.pth  |  0.02330559860049664  |  0.004536626433851667 | 0.0038551747596925496  |
|   WeightFiles/350_0.001_50_20_20May03_02-14-24.pth  |  0.02615579588369578  |  0.005874471756313861 |  0.005853419085810831  |
|   WeightFiles/500_0.001_50_20_20May03_02-14-43.pth  |  0.028692642166378284 | 0.0071177713231041434 |  0.009729574814252812  |
|   WeightFiles/200_0.005_50_20_20May03_02-21-54.pth  |  0.03007919621745225  |  0.008129374355005162 |  0.007014017547337594  |
|   WeightFiles/350_0.005_50_20_20May03_02-22-13.pth  |  0.024158142658620773 |  0.005109359330040445 |  0.007471356601259241  |
|   WeightFiles/500_0.005_50_20_20May03_02-22-33.pth  |  0.043992575957732226 |  0.011743381951725602 |  0.011201661172122993  |
|   WeightFiles/200_0.01_50_20_20May03_02-29-53.pth   |  0.024917110971751626 |  0.007750754409419273 |  0.007187618198607568  |
|   WeightFiles/350_0.01_50_20_20May03_02-30-12.pth   |  0.03491738894114939  |  0.009421221278721276 |  0.008319488083143926  |
|   WeightFiles/500_0.01_50_20_20May03_02-30-31.pth   |  0.025318256699541766 |  0.007042700787344753 |  0.009075493816836852  |
|   WeightFiles/200_0.001_50_50_50May03_02-38-00.pth  |  0.02041421938841005  |  0.004533230175397357 |  0.006292463723939201  |
|   WeightFiles/350_0.001_50_50_50May03_02-38-31.pth  |  0.027268715575162902 |  0.008046938519426913 |  0.010412000900092382  |
|   WeightFiles/500_0.001_50_50_50May03_02-39-02.pth  |  0.03801417557357322  |  0.010708390631985832 |  0.010787637627261013  |
|   WeightFiles/200_0.005_50_50_50May03_02-47-14.pth  |  0.04201801160679231  |  0.010948851836158334 |  0.011426803489821221  |
|   WeightFiles/350_0.005_50_50_50May03_02-47-45.pth  |   0.0475950154511597  |  0.012581574257785557 |  0.012949056854237792  |
|   WeightFiles/500_0.005_50_50_50May03_02-48-16.pth  |  0.034668587703395516 |  0.009790722939770926 |  0.011435876455598588  |
|   WeightFiles/200_0.01_50_50_50May03_02-56-20.pth   |  0.046216417029739276 |  0.013366445758833523 |  0.014258833717684844  |
|   WeightFiles/350_0.01_50_50_50May03_02-56-51.pth   | 0.0003601524524638188 |          0.0          | 0.00021853827236372172 |
|   WeightFiles/500_0.01_50_50_50May03_02-57-23.pth   |   0.0517590956950219  |  0.015406123937122384 |  0.014261287385766059  |
|  WeightFiles/200_0.001_50_100_100May03_03-06-00.pth |  0.032265849648906025 |  0.00794249303843731  |  0.008260834602298204  |
|  WeightFiles/350_0.001_50_100_100May03_03-06-51.pth |  0.04088901478794214  |  0.00997100003024152  |  0.010028864533645872  |
|  WeightFiles/500_0.001_50_100_100May03_03-07-43.pth |  0.036797921782118236 |  0.011045046414284025 |  0.011000150507315565  |
|  WeightFiles/200_0.005_50_100_100May03_03-17-33.pth |  0.037260865140973896 |  0.009278644312343999 |  0.009478488525021669  |
|  WeightFiles/350_0.005_50_100_100May03_03-18-25.pth |  0.03423015398048831  |  0.00847153762474196  |  0.009903129060970657  |
|  WeightFiles/500_0.005_50_100_100May03_03-19-16.pth |  0.03384364635115697  |  0.008344515151171497 |  0.00943431565001004   |
|  WeightFiles/200_0.01_50_100_100May03_03-29-22.pth  |  0.062295945162422275 |  0.017049406866783027 |  0.016493731039119285  |
|  WeightFiles/350_0.01_50_100_100May03_03-30-13.pth  |  0.05886704033113253  |  0.016836607657478405 |  0.016970124965490354  |
|  WeightFiles/500_0.01_50_100_100May03_03-31-05.pth  |  0.03070794583804162  |  0.008441123180654918 |  0.011312382839784928  |
|  WeightFiles/200_0.001_100_20_20May03_03-40-26.pth  |  0.019547084447466875 |  0.003906831074412344 | 0.0036931049392246065  |
|  WeightFiles/350_0.001_100_20_20May03_03-40-45.pth  |   0.022852365122511   |  0.004508203156063063 |  0.006085856635864103  |
|  WeightFiles/500_0.001_100_20_20May03_03-41-04.pth  |  0.032792698341144705 |  0.008187616252426626 |  0.009083077760852255  |
|  WeightFiles/200_0.005_100_20_20May03_03-48-31.pth  |  0.032863567422790445 |  0.007644300134420102 |  0.008352259524242373  |
|  WeightFiles/350_0.005_100_20_20May03_03-48-50.pth  |  0.020315571847387234 |  0.004563902203747405 |  0.006360133094167064  |
|  WeightFiles/500_0.005_100_20_20May03_03-49-09.pth  |  0.032968590566041185 |  0.007831333775014116 |  0.007853673729958217  |
|   WeightFiles/200_0.01_100_20_20May03_03-56-23.pth  |  0.03098531158684314  |  0.007620807054572539 |  0.009218231676656087  |
|   WeightFiles/350_0.01_100_20_20May03_03-56-43.pth  |  0.02243108748938739  |  0.005894512458645586 |  0.010135307190858226  |
|   WeightFiles/500_0.01_100_20_20May03_03-57-02.pth  |  0.02941591424484679  | 0.0073902617862873325 |  0.009213118384579543  |
|  WeightFiles/200_0.001_100_50_50May03_04-04-27.pth  |  0.018934551061812504 |  0.004242009288011611 |  0.005560442496236338  |
|  WeightFiles/350_0.001_100_50_50May03_04-04-58.pth  |  0.026817286707440262 |  0.006584555138703747 |  0.008590783557460246  |
|  WeightFiles/500_0.001_100_50_50May03_04-05-30.pth  |  0.032962833297480384 |  0.008190497408508246 |  0.00866775257133918   |
|  WeightFiles/200_0.005_100_50_50May03_04-13-42.pth  |  0.027521630971679156 | 0.0074515268417513015 |  0.007796292654755468  |
|  WeightFiles/350_0.005_100_50_50May03_04-14-13.pth  |  0.03287173578862297  |  0.007953974278215764 |   0.0097338489949553   |
|  WeightFiles/500_0.005_100_50_50May03_04-14-45.pth  |  0.042263554594498945 |  0.012511310042726445 |  0.013680738929833047  |
|   WeightFiles/200_0.01_100_50_50May03_04-22-49.pth  |  0.036469992110126574 |  0.010513672536613715 |  0.011691887028603952  |
|   WeightFiles/350_0.01_100_50_50May03_04-23-21.pth  |  0.03282858526826289  |  0.008790782881119568 |  0.012521863283793365  |
|   WeightFiles/500_0.01_100_50_50May03_04-23-52.pth  |  0.02747497783225372  |  0.006966918518358147 |  0.012078039402867603  |
| WeightFiles/200_0.001_100_100_100May03_09-03-17.pth |  0.03419086818151783  |  0.007730361819982566 | 0.0071311148886074776  |
| WeightFiles/350_0.001_100_100_100May03_09-04-08.pth |  0.03993548018484706  |  0.012237033728225682 |  0.012105990029551785  |
| WeightFiles/500_0.001_100_100_100May03_09-04-59.pth |  0.04135335908643746  |  0.010290739015026938 |  0.01098168762096488   |
| WeightFiles/200_0.005_100_100_100May03_09-15-17.pth |  0.02978702075036509  |  0.00736614187712872  |  0.009539444999405785  |
| WeightFiles/350_0.005_100_100_100May03_09-16-11.pth |  0.021834376763367913 |  0.004488610510146886 |  0.006947934816354064  |
| WeightFiles/500_0.005_100_100_100May03_09-17-03.pth |  0.032548236504833995 |  0.00865549798670542  |  0.011038326674289065  |
|  WeightFiles/200_0.01_100_100_100May03_09-29-10.pth |  0.05339535015656809  |  0.016965785165986392 |  0.01819835769569033   |
|  WeightFiles/350_0.01_100_100_100May03_09-30-07.pth |  0.01907993176768022  |  0.004439304230341381 |  0.005350514028118067  |
|  WeightFiles/500_0.01_100_100_100May03_09-31-15.pth |  0.07079302798777744  |  0.020708322700261548 |  0.01954989752512334   |
+-----------------------------------------------------+-----------------------+-----------------------+------------------------+
+-----------------------------------------------------+--------------------+--------------------+--------------------+
|                        Model                        |       Train        |     Validation     |        Test        |
+-----------------------------------------------------+--------------------+--------------------+--------------------+
|   WeightFiles/200_0.001_20_20_20May03_00-34-30.pth  | 0.9288086623558812 | 0.8511358324269029 | 0.8552082413130346 |
|   WeightFiles/350_0.001_20_20_20May03_00-34-52.pth  | 0.9545044771142916 | 0.8641467599572925 | 0.8679358477632055 |
|   WeightFiles/500_0.001_20_20_20May03_00-35-15.pth  | 0.9640792983040717 | 0.8692665904720623 | 0.8724144763011961 |
|   WeightFiles/200_0.005_20_20_20May03_00-46-46.pth  | 0.9645342013528833 | 0.8810250098227013 | 0.8810917127455402 |
|   WeightFiles/350_0.005_20_20_20May03_00-47-07.pth  | 0.9728820083903138 | 0.8855072649826945 | 0.8858093490626987 |
|   WeightFiles/500_0.005_20_20_20May03_00-47-29.pth  | 0.976405784102637  | 0.8883053583236856 | 0.8882595222917138 |
|   WeightFiles/200_0.01_20_20_20May03_00-58-58.pth   | 0.9715308606567237 | 0.8827931370212629 | 0.8834818029110183 |
|   WeightFiles/350_0.01_20_20_20May03_00-59-20.pth   | 0.9766385420437383 | 0.8887673715481872 | 0.8904237103080508 |
|   WeightFiles/500_0.01_20_20_20May03_00-59-43.pth   | 0.9802137808218888 | 0.8893913743896483 | 0.8908178674036419 |
|   WeightFiles/200_0.001_20_50_50May03_01-11-26.pth  | 0.9618324417332503 | 0.8603906470819358 | 0.8623113350728708 |
|   WeightFiles/350_0.001_20_50_50May03_01-12-01.pth  | 0.9781260693926246 | 0.8632387287601402 | 0.8644986041884305 |
|   WeightFiles/500_0.001_20_50_50May03_01-12-35.pth  | 0.9844989672969973 | 0.8648292058055495 | 0.8660813059865732 |
|   WeightFiles/200_0.005_20_50_50May03_01-21-25.pth  | 0.9820364939107137 | 0.869904442325794  | 0.8718797574353924 |
|   WeightFiles/350_0.005_20_50_50May03_01-21-56.pth  | 0.9891561611918441 | 0.8733080887964422 | 0.8752186068207655 |
|   WeightFiles/500_0.005_20_50_50May03_01-22-28.pth  | 0.9918971783829248 | 0.8737488698181178 | 0.8759925274130645 |
|   WeightFiles/200_0.01_20_50_50May03_01-30-46.pth   | 0.9712944401409188 | 0.8881892359333616 | 0.8900833116242559 |
|   WeightFiles/350_0.01_20_50_50May03_01-31-17.pth   | 0.9860889543146861 | 0.8904405095057789 | 0.8923471800897631 |
|   WeightFiles/500_0.01_20_50_50May03_01-31-48.pth   | 0.9706416121584932 | 0.8958851559220753 | 0.8971641052014434 |
|  WeightFiles/200_0.001_20_100_100May03_01-40-09.pth | 0.9751876103004634 | 0.8630069263778204 | 0.8623546107580977 |
|  WeightFiles/350_0.001_20_100_100May03_01-41-01.pth | 0.9878235588339703 | 0.8600185547206382 | 0.8597762511296968 |
|  WeightFiles/500_0.001_20_100_100May03_01-41-52.pth | 0.9925562449785224 | 0.8590603466808311 | 0.8589372305480365 |
|  WeightFiles/200_0.005_20_100_100May03_01-51-40.pth | 0.9809550548038619 | 0.8814611136974397 | 0.8816651477911086 |
|  WeightFiles/350_0.005_20_100_100May03_01-52-31.pth | 0.8844974670048903 | 0.8573778282986945 | 0.8546490611567525 |
|  WeightFiles/500_0.005_20_100_100May03_01-53-22.pth | 0.9111750328754894 | 0.863103421353099  | 0.8615174087829942 |
|  WeightFiles/200_0.01_20_100_100May03_02-03-13.pth  | 0.9244368124655987 | 0.8827657664201002 | 0.8840260999171968 |
|  WeightFiles/350_0.01_20_100_100May03_02-04-04.pth  | 0.9619762327629268 | 0.9036582978758365 | 0.9054574312175057 |
|  WeightFiles/500_0.01_20_100_100May03_02-04-55.pth  | 0.971994427758087  | 0.9088752914602831 | 0.9105286821872189 |
|   WeightFiles/200_0.001_50_20_20May03_02-14-05.pth  | 0.9205691422483046 | 0.857071285514255  | 0.8586586530704637 |
|   WeightFiles/350_0.001_50_20_20May03_02-14-24.pth  | 0.9512300799889667 | 0.8693783914571813 | 0.8710874662643647 |
|   WeightFiles/500_0.001_50_20_20May03_02-14-43.pth  | 0.9632855114650255 | 0.8765693197099929 | 0.8786134235118702 |
|   WeightFiles/200_0.005_50_20_20May03_02-21-54.pth  | 0.9639997682648417 | 0.879162075447097  | 0.8808181540396072 |
|   WeightFiles/350_0.005_50_20_20May03_02-22-13.pth  | 0.9730086745399309 | 0.8870794122743075 | 0.8877309068532759 |
|   WeightFiles/500_0.005_50_20_20May03_02-22-33.pth  | 0.9763123159502768 | 0.890222595392504  | 0.8911161674854253 |
|   WeightFiles/200_0.01_50_20_20May03_02-29-53.pth   | 0.9586370799334697 | 0.8708783576939243 | 0.8710591495443933 |
|   WeightFiles/350_0.01_50_20_20May03_02-30-12.pth   | 0.9704422864048746 | 0.8796879347718183 | 0.8800645692039962 |
|   WeightFiles/500_0.01_50_20_20May03_02-30-31.pth   | 0.9754058747132689 | 0.8823433874673318 | 0.8823654807886614 |
|   WeightFiles/200_0.001_50_50_50May03_02-38-00.pth  | 0.9588748883457382 | 0.8632041195986446 | 0.8650562705711247 |
|   WeightFiles/350_0.001_50_50_50May03_02-38-31.pth  | 0.9769438738235242 | 0.8676562375879315 | 0.8688520416749899 |
|   WeightFiles/500_0.001_50_50_50May03_02-39-02.pth  | 0.9842990670737551 | 0.8693280837180983 | 0.8704038299645714 |
|   WeightFiles/200_0.005_50_50_50May03_02-47-14.pth  | 0.9809636284726526 | 0.871357583616444  | 0.8730621233739705 |
|   WeightFiles/350_0.005_50_50_50May03_02-47-45.pth  | 0.9883174279250747 | 0.8761179716882571 | 0.8777087358653883 |
|   WeightFiles/500_0.005_50_50_50May03_02-48-16.pth  | 0.9911783140369339 | 0.8781950657467115 | 0.8801347796404875 |
|   WeightFiles/200_0.01_50_50_50May03_02-56-20.pth   | 0.9841722553756285 | 0.8860350800969465 | 0.8853228850712789 |
|   WeightFiles/350_0.01_50_50_50May03_02-56-51.pth   | 0.8949481742512699 | 0.8549167638484533 | 0.8533128055681075 |
|   WeightFiles/500_0.01_50_50_50May03_02-57-23.pth   | 0.9728894625995751 | 0.8971783688802819 | 0.8974254604708213 |
|  WeightFiles/200_0.001_50_100_100May03_03-06-00.pth | 0.9752227542696814 | 0.8579350633879019 | 0.8581589371510687 |
|  WeightFiles/350_0.001_50_100_100May03_03-06-51.pth | 0.9880732719340632 | 0.8575410866508589 | 0.857199382099648  |
|  WeightFiles/500_0.001_50_100_100May03_03-07-43.pth | 0.9930548265841229 | 0.8569908365937118 | 0.8566711135377484 |
|  WeightFiles/200_0.005_50_100_100May03_03-17-33.pth | 0.9810078581907771 | 0.8604483950128972 | 0.861604161073855  |
|  WeightFiles/350_0.005_50_100_100May03_03-18-25.pth | 0.9854064041463104 | 0.879620408500893  | 0.8802106879718996 |
|  WeightFiles/500_0.005_50_100_100May03_03-19-16.pth | 0.9862942022775444 | 0.8808836352385923 | 0.8814348045421347 |
|  WeightFiles/200_0.01_50_100_100May03_03-29-22.pth  | 0.9506754962647808 | 0.8999844131158368 | 0.9010883330140818 |
|  WeightFiles/350_0.01_50_100_100May03_03-30-13.pth  | 0.9717629458309663 | 0.9070432033080895 | 0.9081343018002132 |
|  WeightFiles/500_0.01_50_100_100May03_03-31-05.pth  | 0.9814401007221614 | 0.9091878119698209 | 0.9100053493352729 |
|  WeightFiles/200_0.001_100_20_20May03_03-40-26.pth  | 0.9283548294491786 | 0.8551003202623587 | 0.8556302377460852 |
|  WeightFiles/350_0.001_100_20_20May03_03-40-45.pth  | 0.9543193301865686 | 0.8685017176722769 | 0.8690479819358721 |
|  WeightFiles/500_0.001_100_20_20May03_03-41-04.pth  | 0.9642253493599069 | 0.8735337377097125 | 0.8741437767792046 |
|  WeightFiles/200_0.005_100_20_20May03_03-48-31.pth  | 0.9642474793504504 | 0.8743404177591718 | 0.8751602748889836 |
|  WeightFiles/350_0.005_100_20_20May03_03-48-50.pth  | 0.9722277650573404 | 0.8783459850747444 | 0.8784547614723166 |
|  WeightFiles/500_0.005_100_20_20May03_03-49-09.pth  | 0.9761743721408929 | 0.8813201204995815 | 0.8814687454611445 |
|   WeightFiles/200_0.01_100_20_20May03_03-56-23.pth  | 0.9715259702781137 | 0.8835011310083406 | 0.8838217689904115 |
|   WeightFiles/350_0.01_100_20_20May03_03-56-43.pth  | 0.9772558522600684 | 0.8866163908920783 | 0.886819405208924  |
|   WeightFiles/500_0.01_100_20_20May03_03-57-02.pth  | 0.9798800812891533 | 0.8875912903534121 | 0.8877640274099565 |
|  WeightFiles/200_0.001_100_50_50May03_04-04-27.pth  | 0.9632378329710475 | 0.8579152123429328 | 0.8590070047568591 |
|  WeightFiles/350_0.001_100_50_50May03_04-04-58.pth  | 0.9781681190700999 | 0.8610704267510393 | 0.8620428616562895 |
|  WeightFiles/500_0.001_100_50_50May03_04-05-30.pth  | 0.9844858940212821 | 0.8621303401002777 | 0.8628620920222106 |
|  WeightFiles/200_0.005_100_50_50May03_04-13-42.pth  | 0.9817065348315328 | 0.8734279557726127 | 0.8726226303215261 |
|  WeightFiles/350_0.005_100_50_50May03_04-14-13.pth  | 0.9891400485477877 | 0.8727294666649943 | 0.8723284487320895 |
|  WeightFiles/500_0.005_100_50_50May03_04-14-45.pth  | 0.9879297200911749 | 0.8829005687152044 | 0.8822927019344444 |
|   WeightFiles/200_0.01_100_50_50May03_04-22-49.pth  | 0.9842559755185085 | 0.8836388763461671 | 0.8822464248852725 |
|   WeightFiles/350_0.01_100_50_50May03_04-23-21.pth  | 0.984326674228383  | 0.8907236276633715 | 0.8894310006549129 |
|   WeightFiles/500_0.01_100_50_50May03_04-23-52.pth  | 0.9914568446616095 | 0.8902123657819381 | 0.8885534914073071 |
| WeightFiles/200_0.001_100_100_100May03_09-03-17.pth | 0.9745459393310814 | 0.8614866925853748 | 0.8625234701748574 |
| WeightFiles/350_0.001_100_100_100May03_09-04-08.pth | 0.9874287988520243 | 0.8613065624492883 | 0.8623624532168743 |
| WeightFiles/500_0.001_100_100_100May03_09-04-59.pth | 0.9926519152239267 | 0.8600017670410134 | 0.8610663511511583 |
| WeightFiles/200_0.005_100_100_100May03_09-15-17.pth | 0.9855777974420864 | 0.8781752094756081 | 0.8789657514944751 |
| WeightFiles/350_0.005_100_100_100May03_09-16-11.pth | 0.9670675301250304 | 0.8849236873822843 | 0.8856027421089945 |
| WeightFiles/500_0.005_100_100_100May03_09-17-03.pth | 0.9829642685511907 | 0.8903194806263077 | 0.8917815556455676 |
|  WeightFiles/200_0.01_100_100_100May03_09-29-10.pth | 0.9584887756846124 | 0.9024502908355776 | 0.9034699632614035 |
|  WeightFiles/350_0.01_100_100_100May03_09-30-07.pth | 0.9177298757078927 | 0.8819225796363175 | 0.8827953720469506 |
|  WeightFiles/500_0.01_100_100_100May03_09-31-15.pth | 0.9467328468366969 | 0.9007897747210484 | 0.9015363702085486 |
+-----------------------------------------------------+--------------------+--------------------+--------------------+