+-----------------------------------------------------+-----------------------+-----------------------+----------------------+
|                        Model                        |  Mean Reciprocal Rank |   Average Precision   |    Recall By User    |
+-----------------------------------------------------+-----------------------+-----------------------+----------------------+
|   WeightFiles/200_0.001_50_50_50May04_14-53-02.pth  |  0.21363285575773314  |  0.09610976594784645  | 0.05962144862070889  |
|   WeightFiles/350_0.001_50_50_50May04_14-53-44.pth  |   0.3195092584515372  |   0.145971656370805   | 0.10356431129610146  |
|   WeightFiles/500_0.001_50_50_50May04_14-54-23.pth  |  0.43703448349228013  |  0.22051426620979633  | 0.12730823243507927  |
|   WeightFiles/200_0.005_50_50_50May04_14-57-59.pth  |   0.4508254433607206  |  0.21614047584252688  |  0.1172071172580129  |
|   WeightFiles/350_0.005_50_50_50May04_14-58-32.pth  |   0.4750191944861413  |   0.281155557112736   | 0.15032091542898526  |
|   WeightFiles/500_0.005_50_50_50May04_14-59-04.pth  |  0.02054966694255812  |  0.009921900422848564 | 0.006292004996202954 |
|   WeightFiles/200_0.01_50_50_50May04_15-01-45.pth   |  0.45213473819616995  |  0.23543050047003217  | 0.11492014651387099  |
|   WeightFiles/350_0.01_50_50_50May04_15-02-17.pth   |  0.45026101071201524  |  0.23492875815275194  | 0.13375229214571632  |
|   WeightFiles/500_0.01_50_50_50May04_15-02-50.pth   |   0.4071110099134615  |  0.20385152292023423  | 0.14782776266818176  |
|  WeightFiles/200_0.001_50_100_100May04_15-06-02.pth |  0.39247345738885064  |  0.17511322639134172  | 0.10683597030143341  |
|  WeightFiles/350_0.001_50_100_100May04_15-06-56.pth |   0.5161937147315876  |  0.25871204953027704  |  0.1511678756149802  |
|  WeightFiles/500_0.001_50_100_100May04_15-07-51.pth |   0.5260110515544821  |  0.26467201494970455  |  0.1495198429248736  |
|  WeightFiles/200_0.005_50_100_100May04_15-11-21.pth |  0.08303254739076343  |  0.036074026869673155 | 0.04343942585349199  |
|  WeightFiles/350_0.005_50_100_100May04_15-12-16.pth |   0.601288041605071   |  0.31990092119567737  | 0.17756167353212352  |
|  WeightFiles/500_0.005_50_100_100May04_15-13-12.pth |   0.5732978141465982  |   0.3277188219073668  | 0.16268618895931955  |
|  WeightFiles/200_0.01_50_100_100May04_15-16-24.pth  |  0.06380030342980406  |  0.016030864555980656 | 0.021836911308753714 |
|  WeightFiles/350_0.01_50_100_100May04_15-17-18.pth  |  0.09116780476184064  |  0.02412894664460067  | 0.02477330616587622  |
|  WeightFiles/500_0.01_50_100_100May04_15-18-12.pth  |  0.07449235737492998  |  0.024410365689951606 | 0.03478310447692547  |
|  WeightFiles/200_0.001_50_200_200May04_15-22-49.pth |   0.5149561218952282  |  0.25110874505181785  | 0.13421831304347187  |
|  WeightFiles/350_0.001_50_200_200May04_15-24-42.pth |   0.6609978190668983  |   0.3521437995355178  |  0.1899115423053182  |
|  WeightFiles/500_0.001_50_200_200May04_15-26-36.pth |   0.6860984949748109  |  0.37539304263418055  | 0.19429390468843902  |
|  WeightFiles/200_0.005_50_200_200May04_15-33-28.pth |  0.08386707855553682  |  0.03257720080916676  | 0.027048810733251844 |
|  WeightFiles/350_0.005_50_200_200May04_15-35-20.pth |  0.07967169893038062  |  0.031775802461212685 | 0.026799892383624478 |
|  WeightFiles/500_0.005_50_200_200May04_15-37-11.pth |  0.14316633593975833  |  0.05962285242492285  | 0.040712973343198906 |
|  WeightFiles/200_0.01_50_200_200May04_15-43-45.pth  |  0.04935244338102249  |  0.015027436680106955 | 0.018272365891035883 |
|  WeightFiles/350_0.01_50_200_200May04_15-45-40.pth  |   0.0750800854195537  |  0.019082656825458687 | 0.02271877886578407  |
|  WeightFiles/500_0.01_50_200_200May04_15-47-37.pth  |  0.11282242687525992  |  0.03401393762755992  | 0.029238261434950834 |
|  WeightFiles/200_0.001_100_50_50May04_15-53-00.pth  |  0.17165755364660243  |  0.05741705169830171  | 0.03866563830220134  |
|  WeightFiles/350_0.001_100_50_50May04_15-53-35.pth  |   0.2829684912804039  |  0.10917825651515671  | 0.07482693714682086  |
|  WeightFiles/500_0.001_100_50_50May04_15-54-12.pth  |   0.3798818680391333  |  0.15692929952529414  | 0.09452305871034536  |
|  WeightFiles/200_0.005_100_50_50May04_15-57-51.pth  |   0.3355276876414562  |   0.1899260218496674  | 0.11157492588771126  |
|  WeightFiles/350_0.005_100_50_50May04_15-58-28.pth  |   0.4934741130437976  |  0.28606031780826663  |  0.1465005186040041  |
|  WeightFiles/500_0.005_100_50_50May04_15-59-04.pth  |   0.5543197893467715  |  0.29818610607229024  | 0.14914497333571952  |
|   WeightFiles/200_0.01_100_50_50May04_16-02-54.pth  |   0.5017747504895521  |   0.2638500511786115  | 0.13502367802949525  |
|   WeightFiles/350_0.01_100_50_50May04_16-03-30.pth  |  0.09479676540962605  |  0.04169724403778197  | 0.041220442674586986 |
|   WeightFiles/500_0.01_100_50_50May04_16-04-07.pth  |  0.27878387385561626  |  0.13731155943085122  | 0.09526960420273702  |
| WeightFiles/200_0.001_100_100_100May04_16-08-21.pth |   0.3201915351817232  |  0.14778566649209068  | 0.09238306212556317  |
| WeightFiles/350_0.001_100_100_100May04_16-09-20.pth |  0.45397501762070946  |   0.2225327853089464  | 0.14863439953779367  |
| WeightFiles/500_0.001_100_100_100May04_16-10-19.pth |   0.5975421667153945  |   0.3128801258704316  | 0.16303736570799487  |
| WeightFiles/200_0.005_100_100_100May04_16-14-59.pth |  0.48030090431762745  |  0.25575787437321873  | 0.14315019583709426  |
| WeightFiles/350_0.005_100_100_100May04_16-16-12.pth |  0.17079622008678194  |  0.07234183021785576  | 0.06690235891518297  |
| WeightFiles/500_0.005_100_100_100May04_16-17-09.pth |   0.3728661930585932  |  0.19208585448778948  | 0.12881503180596637  |
|  WeightFiles/200_0.01_100_100_100May04_16-21-55.pth |  0.09336124580592087  |  0.03573239620286836  | 0.03201260477392467  |
|  WeightFiles/350_0.01_100_100_100May04_16-22-52.pth |  0.06780843107129686  |  0.03418021247972874  | 0.03316342064021722  |
|  WeightFiles/500_0.01_100_100_100May04_16-23-48.pth |  0.15021981485913813  |  0.06854343443793906  | 0.05317472321653712  |
| WeightFiles/200_0.001_100_200_200May04_16-30-09.pth |   0.5222525006191066  |   0.2667336743837519  | 0.15764886841356446  |
| WeightFiles/350_0.001_100_200_200May04_16-32-06.pth |   0.5940259869973067  |  0.37112817786144014  |  0.2198468356543624  |
| WeightFiles/500_0.001_100_200_200May04_16-34-23.pth |   0.653626374492318   |  0.39580221920752107  | 0.21869059570733695  |
| WeightFiles/200_0.005_100_200_200May04_16-42-05.pth |  0.10552531354504778  |  0.03873327611286203  | 0.02863906490948371  |
| WeightFiles/350_0.005_100_200_200May04_16-44-12.pth |  0.10651188308442755  |  0.03293803876721834  | 0.03193364637109137  |
| WeightFiles/500_0.005_100_200_200May04_16-46-13.pth |  0.11815129786655833  |  0.04156554058471628  |  0.0360498875747432  |
|  WeightFiles/200_0.01_100_200_200May04_17-04-21.pth |  0.04690632223865217  |  0.014770465619691624 | 0.01538397441262218  |
|  WeightFiles/350_0.01_100_200_200May04_17-08-35.pth |  0.04516804414485061  |  0.01517657370793981  | 0.013223845168751662 |
|  WeightFiles/500_0.01_100_200_200May04_17-11-42.pth |  0.10725233660006867  |  0.03697493730040169  | 0.03027807075097269  |
|  WeightFiles/200_0.001_200_50_50May04_17-18-12.pth  |  0.19441845145015596  |  0.06710058770134236  | 0.053625646208671905 |
|  WeightFiles/350_0.001_200_50_50May04_17-19-33.pth  |  0.31489279669568065  |  0.13567089766528623  | 0.08897036942835623  |
|  WeightFiles/500_0.001_200_50_50May04_17-20-54.pth  |   0.3756434510102858  |  0.17516619424392257  |  0.1046523682611466  |
|  WeightFiles/200_0.005_200_50_50May04_17-25-38.pth  |   0.4024992206015297  |  0.21260824091843833  | 0.15032206429499695  |
|  WeightFiles/350_0.005_200_50_50May04_17-26-57.pth  |  0.46548781223714036  |  0.22380382614031988  |  0.1173208136947022  |
|  WeightFiles/500_0.005_200_50_50May04_17-28-15.pth  |   0.5161401151469962  |  0.28790200195831006  | 0.14803073716066137  |
|   WeightFiles/200_0.01_200_50_50May04_17-32-56.pth  |   0.3549865541509869  |  0.16856266535751824  | 0.09695620691358137  |
|   WeightFiles/350_0.01_200_50_50May04_17-34-14.pth  |   0.5681279520433639  |  0.32679328772577615  | 0.16923690453470008  |
|   WeightFiles/500_0.01_200_50_50May04_17-35-40.pth  |  0.03271541073576893  |  0.01260881289333302  | 0.014117673247115459 |
| WeightFiles/200_0.001_200_100_100May04_17-44-16.pth |  0.32378072771125604  |  0.15806850586633867  | 0.10084103297389549  |
| WeightFiles/350_0.001_200_100_100May04_17-47-10.pth |   0.4622417481803268  |  0.23370339243230107  | 0.13006483320618462  |
| WeightFiles/500_0.001_200_100_100May04_17-49-44.pth |   0.5332021539483782  |  0.30001698900514684  | 0.17363417856253818  |
| WeightFiles/200_0.005_200_100_100May04_17-54-29.pth |   0.3622086924111186  |  0.19041243477669556  | 0.09767569359781733  |
| WeightFiles/350_0.005_200_100_100May04_17-55-28.pth |   0.5696943150051341  |   0.3096647640220976  |  0.1531094534150004  |
| WeightFiles/500_0.005_200_100_100May04_17-56-27.pth | 0.0017258015055001815 | 0.0008012321291539558 | 0.00333411235266856  |
|  WeightFiles/200_0.01_200_100_100May04_18-01-23.pth |   0.1377610918799924  |  0.04833814064117858  | 0.041192230415158446 |
|  WeightFiles/350_0.01_200_100_100May04_18-02-21.pth | 0.0037062678892121315 | 0.0008302918271958519 | 0.001540900448358311 |
|  WeightFiles/500_0.01_200_100_100May04_18-03-18.pth |  0.06723131156959597  |  0.026201493518521385 |  0.0328764124447057  |
| WeightFiles/200_0.001_200_200_200May04_18-09-01.pth |   0.4795564708101765  |   0.2550370342720575  | 0.15465709257451504  |
| WeightFiles/350_0.001_200_200_200May04_18-10-54.pth |   0.5981516926700752  |   0.3419350625874813  |  0.1882948515616547  |
| WeightFiles/500_0.001_200_200_200May04_18-12-48.pth |   0.6287583264023917  |   0.3785031289917514  |  0.207449549191117   |
| WeightFiles/200_0.005_200_200_200May04_18-19-51.pth |  0.09264178660228657  |  0.040567092754167054 | 0.025607803795601725 |
| WeightFiles/350_0.005_200_200_200May04_18-21-43.pth |   0.1294782118898336  |  0.05316923199994021  | 0.04380151654637644  |
| WeightFiles/500_0.005_200_200_200May04_18-23-39.pth |  0.07661030339382979  |  0.03502301437812275  | 0.03389155617462908  |
|  WeightFiles/200_0.01_200_200_200May04_18-30-34.pth |  0.040817909099521356 |  0.013471482220050332 | 0.017141339969332564 |
|  WeightFiles/350_0.01_200_200_200May04_18-32-29.pth |  0.09677849191477275  |  0.023727277042273176 | 0.020006915857011132 |
|  WeightFiles/500_0.01_200_200_200May04_18-34-24.pth |  0.06071527832286911  |   0.0186800639698279  | 0.021644789571298163 |
+-----------------------------------------------------+-----------------------+-----------------------+----------------------+
+-----------------------------------------------------+-----------------------+------------------------+------------------------+
|                        Model                        |  Mean Reciprocal Rank |   Average Precision    |     Recall By User     |
+-----------------------------------------------------+-----------------------+------------------------+------------------------+
|   WeightFiles/200_0.001_50_50_50May04_14-53-02.pth  |  0.021985051424868892 |  0.004541133146609153  |  0.004149184655738267  |
|   WeightFiles/350_0.001_50_50_50May04_14-53-44.pth  |  0.05008516550488569  |  0.01195920478730076   |  0.007111343492795159  |
|   WeightFiles/500_0.001_50_50_50May04_14-54-23.pth  |  0.028932798399515115 |  0.008540327828775974  |  0.010429328296224371  |
|   WeightFiles/200_0.005_50_50_50May04_14-57-59.pth  |  0.027819129136234775 |  0.005451037028417058  |  0.007611361948535435  |
|   WeightFiles/350_0.005_50_50_50May04_14-58-32.pth  |  0.039808978095423185 |  0.009662627497631367  |  0.011404306779006206  |
|   WeightFiles/500_0.005_50_50_50May04_14-59-04.pth  |  0.013253027098499102 | 0.0023805200196260565  | 0.0019099450512376293  |
|   WeightFiles/200_0.01_50_50_50May04_15-01-45.pth   |  0.023563072232731033 |  0.005012068177780252  |  0.004432780734349456  |
|   WeightFiles/350_0.01_50_50_50May04_15-02-17.pth   |  0.030930929917507087 |  0.007577726287730157  |  0.007709497389801911  |
|   WeightFiles/500_0.01_50_50_50May04_15-02-50.pth   |  0.038619014964528964 |  0.008305190155132106  |  0.008817770086089829  |
|  WeightFiles/200_0.001_50_100_100May04_15-06-02.pth |  0.04881658174570688  |  0.012268556084868003  |  0.00969966439507971   |
|  WeightFiles/350_0.001_50_100_100May04_15-06-56.pth |  0.014412024334263574 | 0.0019829000505858095  |  0.006066460388655097  |
|  WeightFiles/500_0.001_50_100_100May04_15-07-51.pth |  0.05494528491662568  |  0.012887756505190712  |  0.008803523760434574  |
|  WeightFiles/200_0.005_50_100_100May04_15-11-21.pth |  0.013181835640044735 |  0.002678040071383725  |  0.005877795020902545  |
|  WeightFiles/350_0.005_50_100_100May04_15-12-16.pth |  0.02349144077286569  |  0.004897236354976292  |  0.009698659995025054  |
|  WeightFiles/500_0.005_50_100_100May04_15-13-12.pth |  0.027669627631515935 |  0.005303151690071194  |  0.009554183063886995  |
|  WeightFiles/200_0.01_50_100_100May04_15-16-24.pth  |  0.04551368218861453  |  0.012700985125985123  |  0.010783390032276251  |
|  WeightFiles/350_0.01_50_100_100May04_15-17-18.pth  |  0.06513983473221158  |  0.019190565168835286  |  0.011782404428831852  |
|  WeightFiles/500_0.01_50_100_100May04_15-18-12.pth  |  0.046377940594017314 |  0.009594553079789148  |  0.010016505952799874  |
|  WeightFiles/200_0.001_50_200_200May04_15-22-49.pth |  0.04242214281815171  |  0.012135197211629098  |  0.011534918955256934  |
|  WeightFiles/350_0.001_50_200_200May04_15-24-42.pth |  0.028756918937764473 | 0.0054714599169320526  |  0.006002639809904254  |
|  WeightFiles/500_0.001_50_200_200May04_15-26-36.pth |  0.04413207921153717  |  0.012272710362822594  |  0.01343985524554494   |
|  WeightFiles/200_0.005_50_200_200May04_15-33-28.pth |  0.051113736279821825 |  0.014325088746392925  |  0.013670008649700683  |
|  WeightFiles/350_0.005_50_200_200May04_15-35-20.pth |  0.04924424147902921  |  0.014657103156561359  |  0.01115906197664238   |
|  WeightFiles/500_0.005_50_200_200May04_15-37-11.pth |  0.06041152240998673  |  0.015665402934269032  |  0.010156671914843428  |
|  WeightFiles/200_0.01_50_200_200May04_15-43-45.pth  |  0.019007687181180344 |  0.004197652605392543  |  0.007935960918014361  |
|  WeightFiles/350_0.01_50_200_200May04_15-45-40.pth  |  0.04217996393971137  |  0.008617818009304078  |  0.006900627462657238  |
|  WeightFiles/500_0.01_50_200_200May04_15-47-37.pth  |  0.044660915259585134 |  0.01395148863434467   |  0.008962537906728262  |
|  WeightFiles/200_0.001_100_50_50May04_15-53-00.pth  |  0.018899781869805215 |  0.004638483223003347  |  0.004455150861243392  |
|  WeightFiles/350_0.001_100_50_50May04_15-53-35.pth  |  0.010662885351679714 | 0.0030894130551251298  |  0.002830570313593804  |
|  WeightFiles/500_0.001_100_50_50May04_15-54-12.pth  |  0.02445306120479843  |  0.005337796205772211  |  0.004945550189699011  |
|  WeightFiles/200_0.005_100_50_50May04_15-57-51.pth  |  0.01889240967881841  |  0.004304983572069485  |  0.008151664357290605  |
|  WeightFiles/350_0.005_100_50_50May04_15-58-28.pth  |  0.03356734545385351  |  0.012853161084701333  |  0.010724349156617439  |
|  WeightFiles/500_0.005_100_50_50May04_15-59-04.pth  |  0.01770505803227413  |  0.004241084429416472  |  0.008227267989235664  |
|   WeightFiles/200_0.01_100_50_50May04_16-02-54.pth  |  0.02243180900721524  |  0.004426416101957898  |  0.008122624895521208  |
|   WeightFiles/350_0.01_100_50_50May04_16-03-30.pth  |  0.009047702328793346 |  0.000658790156352076  |  0.004140462581461709  |
|   WeightFiles/500_0.01_100_50_50May04_16-04-07.pth  |  0.025576463282519377 |  0.004707947867835639  |  0.006172167548060655  |
| WeightFiles/200_0.001_100_100_100May04_16-08-21.pth |  0.020315571359106065 |  0.004826474194450201  |  0.006313407197177913  |
| WeightFiles/350_0.001_100_100_100May04_16-09-20.pth |  0.020650763357469227 |  0.005262082720770802  |  0.008562832224305405  |
| WeightFiles/500_0.001_100_100_100May04_16-10-19.pth |  0.04102143188142781  |  0.011149633392493299  |  0.00803809026348272   |
| WeightFiles/200_0.005_100_100_100May04_16-14-59.pth |  0.027398179035954543 |  0.007980995262477463  |  0.01081707255934242   |
| WeightFiles/350_0.005_100_100_100May04_16-16-12.pth |  0.02414540832675088  |  0.005936731917033775  |  0.011489563429790654  |
| WeightFiles/500_0.005_100_100_100May04_16-17-09.pth |  0.04986876915254821  |  0.013108750969103139  |  0.01588962943042381   |
|  WeightFiles/200_0.01_100_100_100May04_16-21-55.pth |  0.03406223692380248  |  0.01141252199168221   |  0.01497603204314661   |
|  WeightFiles/350_0.01_100_100_100May04_16-22-52.pth |  0.06243174510984789  |  0.023541858779765126  |  0.02064209763711855   |
|  WeightFiles/500_0.01_100_100_100May04_16-23-48.pth |  0.06721166998278781  |  0.022455988891998954  |  0.023852739090753215  |
| WeightFiles/200_0.001_100_200_200May04_16-30-09.pth |  0.04102002630333985  |  0.013898304316512518  |  0.014468790318893879  |
| WeightFiles/350_0.001_100_200_200May04_16-32-06.pth |  0.040727052167648665 |  0.012564336304390482  |  0.012625494384805256  |
| WeightFiles/500_0.001_100_200_200May04_16-34-23.pth |  0.04650794799082339  |   0.012044007972162    |  0.009621422648336559  |
| WeightFiles/200_0.005_100_200_200May04_16-42-05.pth |  0.030316229830510223 |  0.008837648125438373  |  0.01026772750480614   |
| WeightFiles/350_0.005_100_200_200May04_16-44-12.pth |  0.056330470248128595 |  0.014628799028199182  |  0.011236021879893296  |
| WeightFiles/500_0.005_100_200_200May04_16-46-13.pth |  0.056146972730504334 |  0.017552061363129475  |  0.016976152123258082  |
|  WeightFiles/200_0.01_100_200_200May04_17-04-21.pth |  0.03868460468731232  |  0.011136855913694147  |  0.009864358645234552  |
|  WeightFiles/350_0.01_100_200_200May04_17-08-35.pth |  0.03238689965774259  |  0.010156090203226427  |  0.007892279285774238  |
|  WeightFiles/500_0.01_100_200_200May04_17-11-42.pth |   0.0691036487815679  |  0.020564275129755005  |  0.012774316530095224  |
|  WeightFiles/200_0.001_200_50_50May04_17-18-12.pth  |  0.008192244912583716 | 0.0005924266372602286  |  0.004457886222630938  |
|  WeightFiles/350_0.001_200_50_50May04_17-19-33.pth  |  0.036380952422236046 |  0.007014784291216181  |  0.005092401107911516  |
|  WeightFiles/500_0.001_200_50_50May04_17-20-54.pth  |  0.01261974958937495  |  0.002070533454763331  |  0.004165195077775899  |
|  WeightFiles/200_0.005_200_50_50May04_17-25-38.pth  |  0.018948296983385637 | 0.0045072725928182586  |  0.004201558985553087  |
|  WeightFiles/350_0.005_200_50_50May04_17-26-57.pth  |   0.0352656973907395  |  0.009593933384297162  |  0.009403094318142272  |
|  WeightFiles/500_0.005_200_50_50May04_17-28-15.pth  |  0.019403086548494028 |  0.006574862792006755  |  0.00860363004644338   |
|   WeightFiles/200_0.01_200_50_50May04_17-32-56.pth  |  0.013061840143479664 |  0.002362111475985315  |  0.006353833598761893  |
|   WeightFiles/350_0.01_200_50_50May04_17-34-14.pth  |  0.03670146098631275  |  0.009407441528629608  |  0.007684508446196876  |
|   WeightFiles/500_0.01_200_50_50May04_17-35-40.pth  |  0.026035519023797988 |  0.005510391073065221  |  0.006926374468643428  |
| WeightFiles/200_0.001_200_100_100May04_17-44-16.pth |  0.014860266212837014 | 0.0026943733725854468  |  0.00710123798963664   |
| WeightFiles/350_0.001_200_100_100May04_17-47-10.pth |  0.017678907750551188 |  0.00459420605194599   |  0.006839975875823234  |
| WeightFiles/500_0.001_200_100_100May04_17-49-44.pth |  0.017691317486725793 | 0.0028716567166064072  |  0.009697597146820941  |
| WeightFiles/200_0.005_200_100_100May04_17-54-29.pth |  0.04411007024958138  |  0.010840781522399168  |  0.00877830004276266   |
| WeightFiles/350_0.005_200_100_100May04_17-55-28.pth |  0.01908873064274242  |  0.004306635158357294  |  0.007819493303387836  |
| WeightFiles/500_0.005_200_100_100May04_17-56-27.pth | 0.0006379930710472008 |          0.0           | 0.00021120689655172413 |
|  WeightFiles/200_0.01_200_100_100May04_18-01-23.pth |  0.031689084122122166 |  0.010755042025398063  |  0.010994744474698193  |
|  WeightFiles/350_0.01_200_100_100May04_18-02-21.pth | 0.0021350857817619834 | 0.00043994125714326963 | 0.0009380396933151444  |
|  WeightFiles/500_0.01_200_100_100May04_18-03-18.pth |  0.04940823681475875  |  0.015111462303606266  |  0.01529661579992187   |
| WeightFiles/200_0.001_200_200_200May04_18-09-01.pth |  0.02154099627913692  |  0.003552617139052897  | 0.0075024330943719904  |
| WeightFiles/350_0.001_200_200_200May04_18-10-54.pth |  0.04576654929187906  |  0.011808662965861107  |  0.010760259518324973  |
| WeightFiles/500_0.001_200_200_200May04_18-12-48.pth |  0.05410555591889321  |  0.013111370960480864  |  0.012209447664831029  |
| WeightFiles/200_0.005_200_200_200May04_18-19-51.pth |  0.06902960380273793  |  0.020684252226531637  |  0.018010672915746023  |
| WeightFiles/350_0.005_200_200_200May04_18-21-43.pth |  0.06590155276138843  |  0.025982487494445695  |  0.019605474540330695  |
| WeightFiles/500_0.005_200_200_200May04_18-23-39.pth |  0.03533766910914814  |  0.007932670056122068  |  0.010827305978486489  |
|  WeightFiles/200_0.01_200_200_200May04_18-30-34.pth |  0.01304982788597697  |  0.002176443875611832  |  0.003831145895542577  |
|  WeightFiles/350_0.01_200_200_200May04_18-32-29.pth |  0.03981171849791239  |  0.012578813521789528  |  0.012317182947017313  |
|  WeightFiles/500_0.01_200_200_200May04_18-34-24.pth |  0.05629679612627218  |  0.01686424971442386   |  0.012754194106382464  |
+-----------------------------------------------------+-----------------------+------------------------+------------------------+
+-----------------------------------------------------+----------------------+------------------------+-----------------------+
|                        Model                        | Mean Reciprocal Rank |   Average Precision    |     Recall By User    |
+-----------------------------------------------------+----------------------+------------------------+-----------------------+
|   WeightFiles/200_0.001_50_50_50May04_14-53-02.pth  | 0.033655239115626505 |  0.00888360849676639   |  0.008959010840618498 |
|   WeightFiles/350_0.001_50_50_50May04_14-53-44.pth  | 0.034235285264618005 |  0.00918498391873005   |  0.01045646616870676  |
|   WeightFiles/500_0.001_50_50_50May04_14-54-23.pth  | 0.05093639136919524  |  0.015260282463494536  |  0.010839632555394893 |
|   WeightFiles/200_0.005_50_50_50May04_14-57-59.pth  | 0.03169162538659738  | 0.0074053062670903225  |  0.009943134910671106 |
|   WeightFiles/350_0.005_50_50_50May04_14-58-32.pth  | 0.04241773626768293  |  0.012594179021442952  |  0.012376984670698478 |
|   WeightFiles/500_0.005_50_50_50May04_14-59-04.pth  | 0.005642912738447558 | 0.00017308866529067764 | 0.0014200852172137882 |
|   WeightFiles/200_0.01_50_50_50May04_15-01-45.pth   | 0.009534070604633276 |  0.001896734798998731  |  0.003391007470687012 |
|   WeightFiles/350_0.01_50_50_50May04_15-02-17.pth   | 0.06808345478459592  |  0.021785507343963225  |  0.01877888064396824  |
|   WeightFiles/500_0.01_50_50_50May04_15-02-50.pth   | 0.027114797582185067 |  0.006976118478614609  |  0.010212521054587458 |
|  WeightFiles/200_0.001_50_100_100May04_15-06-02.pth | 0.041156986811074284 |  0.011376434828930962  |  0.007296799781665439 |
|  WeightFiles/350_0.001_50_100_100May04_15-06-56.pth | 0.037730837636820974 |  0.009673189003548912  |  0.009439126688966529 |
|  WeightFiles/500_0.001_50_100_100May04_15-07-51.pth |  0.0235577169490444  |  0.00606372711395931   |  0.007575419903837904 |
|  WeightFiles/200_0.005_50_100_100May04_15-11-21.pth | 0.026167643025132036 |  0.005194382726406721  |  0.008996886361249744 |
|  WeightFiles/350_0.005_50_100_100May04_15-12-16.pth | 0.03179432115968413  |  0.007007643075019234  |  0.008573895286975131 |
|  WeightFiles/500_0.005_50_100_100May04_15-13-12.pth | 0.015761740214841086 |  0.004068984023802136  | 0.0074950883695096395 |
|  WeightFiles/200_0.01_50_100_100May04_15-16-24.pth  | 0.02612759181518601  |  0.009254986042079697  |  0.01571050099152625  |
|  WeightFiles/350_0.01_50_100_100May04_15-17-18.pth  |  0.0523155288005887  |  0.012612691475191475  |  0.011020527451353491 |
|  WeightFiles/500_0.01_50_100_100May04_15-18-12.pth  | 0.048359176825641725 |  0.01616796855535246   |  0.01689701542290512  |
|  WeightFiles/200_0.001_50_200_200May04_15-22-49.pth | 0.03442789560664049  |  0.008779973112113206  |   0.0084116366949655  |
|  WeightFiles/350_0.001_50_200_200May04_15-24-42.pth | 0.036420848827674615 |  0.007913537028417057  |  0.006423339795074934 |
|  WeightFiles/500_0.001_50_200_200May04_15-26-36.pth | 0.047213664803886085 |  0.010438083474403136  |  0.010132341632572301 |
|  WeightFiles/200_0.005_50_200_200May04_15-33-28.pth | 0.08156585432076295  |  0.020735561662709494  |  0.013956473096829246 |
|  WeightFiles/350_0.005_50_200_200May04_15-35-20.pth | 0.06556050606752534  |  0.01825492619480622   |  0.011683972764237473 |
|  WeightFiles/500_0.005_50_200_200May04_15-37-11.pth | 0.10589260759511544  |  0.02838432038592642   |  0.01842717236764156  |
|  WeightFiles/200_0.01_50_200_200May04_15-43-45.pth  | 0.035971293077248744 |  0.010393194997297163  |  0.011868871898251787 |
|  WeightFiles/350_0.01_50_200_200May04_15-45-40.pth  |  0.0317152681913669  |  0.010554616908719075  |  0.013418315515911407 |
|  WeightFiles/500_0.01_50_200_200May04_15-47-37.pth  | 0.055849363077686454 |  0.014120519040642881  |  0.014945406869695305 |
|  WeightFiles/200_0.001_100_50_50May04_15-53-00.pth  | 0.012734974571296822 | 0.0030627020103219794  |  0.005353814782862146 |
|  WeightFiles/350_0.001_100_50_50May04_15-53-35.pth  | 0.02466616862660863  |  0.007727080017076147  |  0.010001412543768174 |
|  WeightFiles/500_0.001_100_50_50May04_15-54-12.pth  | 0.022304279714484846 |  0.008131996140684222  |  0.012705454899172268 |
|  WeightFiles/200_0.005_100_50_50May04_15-57-51.pth  | 0.043222925645336654 |  0.011476797170837421  |  0.012848316401746525 |
|  WeightFiles/350_0.005_100_50_50May04_15-58-28.pth  | 0.041711356764210235 |  0.012363191053013034  |  0.012477849740141623 |
|  WeightFiles/500_0.005_100_50_50May04_15-59-04.pth  | 0.033036371450595396 | 0.0075843813586654145  |  0.009146857509301045 |
|   WeightFiles/200_0.01_100_50_50May04_16-02-54.pth  | 0.022194093870221965 | 0.0037074385238084935  |  0.006318606410490843 |
|   WeightFiles/350_0.01_100_50_50May04_16-03-30.pth  | 0.030980159509085108 |  0.011058777718239791  |  0.014391593445243362 |
|   WeightFiles/500_0.01_100_50_50May04_16-04-07.pth  | 0.03919844835507971  |  0.01567073494745708   |  0.019169298281729724 |
| WeightFiles/200_0.001_100_100_100May04_16-08-21.pth | 0.025107094664290747 |  0.006115271946405848  |  0.006270577748187962 |
| WeightFiles/350_0.001_100_100_100May04_16-09-20.pth | 0.027600658833420676 |  0.009004338665290677  |  0.010190301704282643 |
| WeightFiles/500_0.001_100_100_100May04_16-10-19.pth | 0.044789484847049726 |  0.010244303277991357  |  0.009067488813781477 |
| WeightFiles/200_0.005_100_100_100May04_16-14-59.pth | 0.02349852286477283  |  0.006513964458314304  | 0.0069250326633979765 |
| WeightFiles/350_0.005_100_100_100May04_16-16-12.pth | 0.030356534774191243 |  0.009773714793548384  |  0.015938234262332866 |
| WeightFiles/500_0.005_100_100_100May04_16-17-09.pth | 0.03492447642598136  |  0.009456136998106813  |  0.011824322903929232 |
|  WeightFiles/200_0.01_100_100_100May04_16-21-55.pth | 0.042953809231653234 |  0.013075551018468976  |  0.01318021314535736  |
|  WeightFiles/350_0.01_100_100_100May04_16-22-52.pth | 0.06902112572869841  |  0.02941675004132435   |  0.018287487930708453 |
|  WeightFiles/500_0.01_100_100_100May04_16-23-48.pth | 0.06978257456620306  |  0.02466470589953562   |  0.024820339979942926 |
| WeightFiles/200_0.001_100_200_200May04_16-30-09.pth | 0.04171780431163987  |  0.009643496293438242  |  0.007254465522347268 |
| WeightFiles/350_0.001_100_200_200May04_16-32-06.pth | 0.03871945254261342  |  0.011631377471857345  |  0.011333757278311308 |
| WeightFiles/500_0.001_100_200_200May04_16-34-23.pth | 0.06452078595704241  |  0.019693374603552624  |  0.012917719624849009 |
| WeightFiles/200_0.005_100_200_200May04_16-42-05.pth | 0.038617523446750686 |  0.00993116913830923   |  0.009308751428129489 |
| WeightFiles/350_0.005_100_200_200May04_16-44-12.pth | 0.05797722528736923  |  0.016125436498056464  |  0.012993536306251528 |
| WeightFiles/500_0.005_100_200_200May04_16-46-13.pth |  0.0649731992302192  |  0.02021792518197317   |  0.01621055239181259  |
|  WeightFiles/200_0.01_100_200_200May04_17-04-21.pth | 0.019495466286333543 | 0.0038524978633337763  |  0.008490964995809367 |
|  WeightFiles/350_0.01_100_200_200May04_17-08-35.pth |  0.0434929077267797  |  0.012739941693153765  |  0.014074059498334615 |
|  WeightFiles/500_0.01_100_200_200May04_17-11-42.pth | 0.03615622514877763  |  0.008417637634123702  |  0.011695818107586449 |
|  WeightFiles/200_0.001_200_50_50May04_17-18-12.pth  | 0.01525041562183196  | 0.0043599801192099955  |  0.005708222964733466 |
|  WeightFiles/350_0.001_200_50_50May04_17-19-33.pth  | 0.011092979647657349 | 0.0015536086849167346  | 0.0060008780239866645 |
|  WeightFiles/500_0.001_200_50_50May04_17-20-54.pth  | 0.023977402615819914 |  0.00502329229508022   |  0.006115895103374983 |
|  WeightFiles/200_0.005_200_50_50May04_17-25-38.pth  | 0.030415835186341774 |  0.008038656278362158  |  0.008655729851776227 |
|  WeightFiles/350_0.005_200_50_50May04_17-26-57.pth  | 0.023797153529839715 |  0.006576475506777365  |  0.013472893417349538 |
|  WeightFiles/500_0.005_200_50_50May04_17-28-15.pth  | 0.029699916673245407 |  0.008724838611680717  |  0.010814644891535864 |
|   WeightFiles/200_0.01_200_50_50May04_17-32-56.pth  | 0.016037394628474755 |  0.002560164912486894  |  0.005583631107515624 |
|   WeightFiles/350_0.01_200_50_50May04_17-34-14.pth  | 0.02896388301592674  |  0.008233647550849562  |  0.012570503527939815 |
|   WeightFiles/500_0.01_200_50_50May04_17-35-40.pth  | 0.014575145300803807 | 0.0035048155533836654  |  0.008019928640723002 |
| WeightFiles/200_0.001_200_100_100May04_17-44-16.pth | 0.034374024402427705 |  0.008515249643287568  |  0.006714291901971149 |
| WeightFiles/350_0.001_200_100_100May04_17-47-10.pth | 0.03128499370583723  |  0.007814304651746602  |  0.009529277275745944 |
| WeightFiles/500_0.001_200_100_100May04_17-49-44.pth | 0.028142718336076778 |  0.008613785285921511  |  0.009224636982085066 |
| WeightFiles/200_0.005_200_100_100May04_17-54-29.pth |  0.0383419359374818  |  0.012110759325813507  |  0.011832486707728322 |
| WeightFiles/350_0.005_200_100_100May04_17-55-28.pth | 0.05790593621301169  |  0.012324754923439131  |  0.007551360003101963 |
| WeightFiles/500_0.005_200_100_100May04_17-56-27.pth | 0.00214903140836401  | 0.00021113691090471278 | 0.0015621680284662114 |
|  WeightFiles/200_0.01_200_100_100May04_18-01-23.pth | 0.06308368672480918  |  0.02592237211962445   |  0.01898324541787967  |
|  WeightFiles/350_0.01_200_100_100May04_18-02-21.pth | 0.016369567847201772 |  0.003792972741482803  | 0.0012275626602631787 |
|  WeightFiles/500_0.01_200_100_100May04_18-03-18.pth | 0.04655707979108735  |  0.013942949693065788  |  0.016114522401027283 |
| WeightFiles/200_0.001_200_200_200May04_18-09-01.pth | 0.029398350105105327 |  0.008419635073388942  |  0.008312428660705558 |
| WeightFiles/350_0.001_200_200_200May04_18-10-54.pth | 0.042940378136753374 |  0.009402509551851655  |  0.00819381604127318  |
| WeightFiles/500_0.001_200_200_200May04_18-12-48.pth | 0.03923122623454262  |  0.010675599349051362  |  0.00895495678799877  |
| WeightFiles/200_0.005_200_200_200May04_18-19-51.pth | 0.08807540859462705  |  0.02706548040238056   |  0.015849843589636668 |
| WeightFiles/350_0.005_200_200_200May04_18-21-43.pth | 0.055929671411361834 |  0.016430072065017887  |  0.012726660096444006 |
| WeightFiles/500_0.005_200_200_200May04_18-23-39.pth | 0.059768443416773856 |  0.015713839527345716  |  0.012801556100646571 |
|  WeightFiles/200_0.01_200_200_200May04_18-30-34.pth | 0.014690302925959518 | 0.0032265116569876627  |  0.004182411952420598 |
|  WeightFiles/350_0.01_200_200_200May04_18-32-29.pth | 0.056269222446699727 |  0.012439691126726729  |  0.013943093046100691 |
|  WeightFiles/500_0.01_200_200_200May04_18-34-24.pth | 0.05461065521069834  |   0.0152758832219552   |  0.013473801148299547 |
+-----------------------------------------------------+----------------------+------------------------+-----------------------+



















+-----------------------------------------------------+--------------------+--------------------+--------------------+
|                        Model                        |       Train        |     Validation     |        Test        |
+-----------------------------------------------------+--------------------+--------------------+--------------------+
|   WeightFiles/200_0.001_50_50_50May04_14-53-02.pth  | 0.9621025915024237 | 0.8618820354095621 | 0.8620418305292052 |
|   WeightFiles/350_0.001_50_50_50May04_14-53-44.pth  | 0.9779899276136945 | 0.8649275287123807 | 0.8649185700879894 |
|   WeightFiles/500_0.001_50_50_50May04_14-54-23.pth  | 0.9841433248071993 | 0.866542186837162  | 0.8662829849554022 |
|   WeightFiles/200_0.005_50_50_50May04_14-57-59.pth  | 0.982981687715266  | 0.873873436061142  | 0.8726812770673518 |
|   WeightFiles/350_0.005_50_50_50May04_14-58-32.pth  | 0.9900726464373846 | 0.8775394347063334 | 0.8758846477158678 |
|   WeightFiles/500_0.005_50_50_50May04_14-59-04.pth  | 0.8706795167824048 | 0.816058601103429  | 0.8167642431394077 |
|   WeightFiles/200_0.01_50_50_50May04_15-01-45.pth   | 0.9780200698079714 |  0.88205110935513  | 0.881732494411072  |
|   WeightFiles/350_0.01_50_50_50May04_15-02-17.pth   | 0.9833964000238495 | 0.8937478313974274 | 0.8934254118320856 |
|   WeightFiles/500_0.01_50_50_50May04_15-02-50.pth   | 0.9899287737881874 | 0.8932239502252294 | 0.8928428484097897 |
|  WeightFiles/200_0.001_50_100_100May04_15-06-02.pth | 0.9760287930846411 | 0.8621225306759486 | 0.8626470719793664 |
|  WeightFiles/350_0.001_50_100_100May04_15-06-56.pth | 0.9881528502778969 | 0.8609706547466084 | 0.8619708229056205 |
|  WeightFiles/500_0.001_50_100_100May04_15-07-51.pth | 0.9932218759901633 | 0.8605604562108786 | 0.8613473301710862 |
|  WeightFiles/200_0.005_50_100_100May04_15-11-21.pth | 0.9602312857512811 | 0.8823172959321037 | 0.8821919180295776 |
|  WeightFiles/350_0.005_50_100_100May04_15-12-16.pth | 0.9933125094171695 | 0.8779254826687295 | 0.8785672345832853 |
|  WeightFiles/500_0.005_50_100_100May04_15-13-12.pth | 0.9974771471824451 | 0.8761356360214914 | 0.8766142867903608 |
|  WeightFiles/200_0.01_50_100_100May04_15-16-24.pth  | 0.9550248925628368 | 0.903273454598118  | 0.9032984814880949 |
|  WeightFiles/350_0.01_50_100_100May04_15-17-18.pth  | 0.9717756475515047 | 0.9105576478322628 | 0.9105071554011557 |
|  WeightFiles/500_0.01_50_100_100May04_15-18-12.pth  | 0.9753760372687803 | 0.9103509232366951 | 0.9107176441043111 |
|  WeightFiles/200_0.001_50_200_200May04_15-22-49.pth | 0.9878601037987476 | 0.8642892005512186 | 0.8651095126331985 |
|  WeightFiles/350_0.001_50_200_200May04_15-24-42.pth | 0.9962660241913993 | 0.8594467982709323 | 0.8600326700054857 |
|  WeightFiles/500_0.001_50_200_200May04_15-26-36.pth | 0.998939830799763  | 0.8587833620600556 | 0.8590760239588846 |
|  WeightFiles/200_0.005_50_200_200May04_15-33-28.pth | 0.9449674513667845 | 0.8997271250652294 | 0.898989642726109  |
|  WeightFiles/350_0.005_50_200_200May04_15-35-20.pth | 0.949089699607322  | 0.8990885217420305 | 0.8983415589471213 |
|  WeightFiles/500_0.005_50_200_200May04_15-37-11.pth | 0.9772377860546777 | 0.911574723532645  | 0.9097987460731992 |
|  WeightFiles/200_0.01_50_200_200May04_15-43-45.pth  | 0.9327766378593514 | 0.8964429234692701 | 0.8962932689177503 |
|  WeightFiles/350_0.01_50_200_200May04_15-45-40.pth  | 0.9561850941559223 | 0.9050449141256229 | 0.9055534715822944 |
|  WeightFiles/500_0.01_50_200_200May04_15-47-37.pth  | 0.9520267420255216 | 0.9057287887746335 | 0.9054983625122861 |
|  WeightFiles/200_0.001_100_50_50May04_15-53-00.pth  | 0.9608519163588218 | 0.8621467053138068 | 0.8619151033493125 |
|  WeightFiles/350_0.001_100_50_50May04_15-53-35.pth  | 0.9767213846282257 | 0.8639936282730063 | 0.8640893952899136 |
|  WeightFiles/500_0.001_100_50_50May04_15-54-12.pth  | 0.9831284710915812 | 0.8651376617196811 | 0.8653815146332483 |
|  WeightFiles/200_0.005_100_50_50May04_15-57-51.pth  | 0.9810146157847227 | 0.873500938249069  | 0.8737301693029689 |
|  WeightFiles/350_0.005_100_50_50May04_15-58-28.pth  | 0.9894309632736896 | 0.8769284601310141 | 0.8765978261518618 |
|  WeightFiles/500_0.005_100_50_50May04_15-59-04.pth  | 0.9928334513926478 | 0.878966070746396  | 0.878693067294785  |
|   WeightFiles/200_0.01_100_50_50May04_16-02-54.pth  | 0.9867569377483756 | 0.8893638837089393 | 0.8896063669805774 |
|   WeightFiles/350_0.01_100_50_50May04_16-03-30.pth  | 0.9580511384729345 | 0.8898751255366024 | 0.8901530365429753 |
|   WeightFiles/500_0.01_100_50_50May04_16-04-07.pth  | 0.9798186224113635 | 0.8959778353333142 | 0.8957092851748083 |
| WeightFiles/200_0.001_100_100_100May04_16-08-21.pth | 0.9755810118116465 | 0.8627491911889033 | 0.8619860482835425 |
| WeightFiles/350_0.001_100_100_100May04_16-09-20.pth | 0.9882557722232426 | 0.8607529891785479 | 0.8598670646242687 |
| WeightFiles/500_0.001_100_100_100May04_16-10-19.pth | 0.9931525246505807 | 0.8614088990271029 | 0.8606009196774984 |
| WeightFiles/200_0.005_100_100_100May04_16-14-59.pth | 0.9909858182193805 | 0.8722566270783363 | 0.8725410152762977 |
| WeightFiles/350_0.005_100_100_100May04_16-16-12.pth | 0.9661811925294728 | 0.8898652826599593 | 0.8909150281099183 |
| WeightFiles/500_0.005_100_100_100May04_16-17-09.pth | 0.9876569864375796 | 0.8884644611700182 | 0.8891190501541528 |
|  WeightFiles/200_0.01_100_100_100May04_16-21-55.pth | 0.9592167187438101 | 0.8973663547466765 | 0.895960941437095  |
|  WeightFiles/350_0.01_100_100_100May04_16-22-52.pth | 0.959713684285604  | 0.9036423155070142 | 0.9029908408975583 |
|  WeightFiles/500_0.01_100_100_100May04_16-23-48.pth | 0.9725706045584357 | 0.911295646027472  | 0.9102384758001757 |
| WeightFiles/200_0.001_100_200_200May04_16-30-09.pth | 0.9863724172350783 | 0.8661879267746178 | 0.8652549667708882 |
| WeightFiles/350_0.001_100_200_200May04_16-32-06.pth | 0.9964911429829127 | 0.8617933962861293 | 0.8606527812748628 |
| WeightFiles/500_0.001_100_200_200May04_16-34-23.pth | 0.9989690797977577 | 0.8614810433774963 | 0.8603276779732419 |
| WeightFiles/200_0.005_100_200_200May04_16-42-05.pth | 0.949270414584275  | 0.8941801739140751 | 0.8954063827919947 |
| WeightFiles/350_0.005_100_200_200May04_16-44-12.pth | 0.9681167818231136 | 0.9090071678495231 | 0.9102260601632312 |
| WeightFiles/500_0.005_100_200_200May04_16-46-13.pth | 0.9609095803880489 | 0.909409397016913  | 0.9104843033197498 |
|  WeightFiles/200_0.01_100_200_200May04_17-04-21.pth | 0.9393229652126583 | 0.8965710671833879 | 0.896164254567684  |
|  WeightFiles/350_0.01_100_200_200May04_17-08-35.pth | 0.9309948114778674 | 0.8960589549005533 | 0.8964223377535483 |
|  WeightFiles/500_0.01_100_200_200May04_17-11-42.pth | 0.962821663354297  | 0.912643953377439  | 0.9127416031440869 |
|  WeightFiles/200_0.001_200_50_50May04_17-18-12.pth  | 0.9604174014584193 | 0.8623260963773022 | 0.8619400619844528 |
|  WeightFiles/350_0.001_200_50_50May04_17-19-33.pth  | 0.9765568523012181 | 0.8644956547247313 | 0.8646251605278682 |
|  WeightFiles/500_0.001_200_50_50May04_17-20-54.pth  | 0.9831506592988277 | 0.8665549584150434 | 0.8668822554667138 |
|  WeightFiles/200_0.005_200_50_50May04_17-25-38.pth  | 0.9823933731172049 | 0.8732656878336278 | 0.8740934696317271 |
|  WeightFiles/350_0.005_200_50_50May04_17-26-57.pth  | 0.9801263974425984 | 0.8782340197702465 | 0.8790991678404367 |
|  WeightFiles/500_0.005_200_50_50May04_17-28-15.pth  | 0.9897745517054586 | 0.8808322340221038 | 0.8813643197628079 |
|   WeightFiles/200_0.01_200_50_50May04_17-32-56.pth  | 0.9811580552184631 | 0.8816428443674769 | 0.8797950143447743 |
|   WeightFiles/350_0.01_200_50_50May04_17-34-14.pth  | 0.9935521431006586 | 0.8887060912367308 | 0.8875314727375971 |
|   WeightFiles/500_0.01_200_50_50May04_17-35-40.pth  | 0.9389556311316666 | 0.8876458572702428 | 0.8870952884115171 |
| WeightFiles/200_0.001_200_100_100May04_17-44-16.pth | 0.9761087399452015 | 0.8622537153924186 | 0.8610418927319483 |
| WeightFiles/350_0.001_200_100_100May04_17-47-10.pth | 0.9882675641913221 | 0.8605639896852156 | 0.859872041010521  |
| WeightFiles/500_0.001_200_100_100May04_17-49-44.pth | 0.9926991825143308 | 0.8619653497100443 | 0.8615736425697555 |
| WeightFiles/200_0.005_200_100_100May04_17-54-29.pth | 0.9825498911473242 | 0.8711687474701866 | 0.8720595011460819 |
| WeightFiles/350_0.005_200_100_100May04_17-55-28.pth | 0.9939322787659142 | 0.8759105426584289 | 0.8763507684306113 |
| WeightFiles/500_0.005_200_100_100May04_17-56-27.pth | 0.9062146826905826 | 0.8790586425965029 | 0.8804131603678281 |
|  WeightFiles/200_0.01_200_100_100May04_18-01-23.pth | 0.9672657243868573 | 0.9020193774842975 | 0.9018250932437736 |
|  WeightFiles/350_0.01_200_100_100May04_18-02-21.pth | 0.8693672398863393 | 0.8512021365116785 | 0.8496789687240363 |
|  WeightFiles/500_0.01_200_100_100May04_18-03-18.pth | 0.9593821730851102 | 0.9085987875223058 | 0.9079604800117241 |
| WeightFiles/200_0.001_200_200_200May04_18-09-01.pth | 0.9879588697521093 | 0.8642333597945872 | 0.8631636635038723 |
| WeightFiles/350_0.001_200_200_200May04_18-10-54.pth | 0.9966405600067093 | 0.8607082456922801 | 0.8596044330078333 |
| WeightFiles/500_0.001_200_200_200May04_18-12-48.pth | 0.9993910681814039 | 0.8586278202771864 | 0.8573636202786803 |
| WeightFiles/200_0.005_200_200_200May04_18-19-51.pth | 0.941740057186709  | 0.901694282531518  | 0.9025724373780555 |
| WeightFiles/350_0.005_200_200_200May04_18-21-43.pth | 0.9464917906184136 | 0.9043575564405466 | 0.904665876390032  |
| WeightFiles/500_0.005_200_200_200May04_18-23-39.pth | 0.9577750808630141 | 0.9023107065062405 | 0.9028432706352405 |
|  WeightFiles/200_0.01_200_200_200May04_18-30-34.pth | 0.9407197896418097 | 0.8944696045124241 | 0.8950591686063324 |
|  WeightFiles/350_0.01_200_200_200May04_18-32-29.pth | 0.952447722562037  | 0.9032621103625342 | 0.9038938301205647 |
|  WeightFiles/500_0.01_200_200_200May04_18-34-24.pth | 0.9601163463848618 | 0.9088190609312786 | 0.9096652924691151 |
+-----------------------------------------------------+--------------------+--------------------+--------------------+