+----------------------------------------------------+----------------------+----------------------+----------------------+
|                       Model                        | Mean Reciprocal Rank |  Average Precision   |    Recall By User    |
+----------------------------------------------------+----------------------+----------------------+----------------------+
|  WeightFiles/200_0.01_20_20_20Apr29_23-35-59.pth   | 0.12545314367135021  |  0.0734680898801061  | 0.04666169619524634  |
|  WeightFiles/200_0.01_20_20_50Apr29_23-37-01.pth   |  0.1558940616593984  | 0.08140742117789333  | 0.04919803245496326  |
|  WeightFiles/200_0.01_20_20_100Apr29_23-38-24.pth  | 0.10338146311767064  | 0.04939760673622902  | 0.05399121441030406  |
|  WeightFiles/200_0.01_20_20_200Apr29_23-39-26.pth  | 0.11255538402166673  | 0.06485112867868285  |  0.0625223949345754  |
|  WeightFiles/200_0.01_20_50_20Apr29_23-40-56.pth   | 0.16731871875751356  | 0.08010497911960761  | 0.05697995203761171  |
|  WeightFiles/200_0.01_20_50_50Apr29_23-42-27.pth   |  0.3938752227765586  |  0.2326247615602493  | 0.12791746832273893  |
|  WeightFiles/200_0.01_20_50_100Apr29_23-43-55.pth  | 0.24436542379915896  | 0.13173597772196843  | 0.06460067394250416  |
|  WeightFiles/200_0.01_20_50_200Apr29_23-45-27.pth  |  0.1783581860912355  | 0.10465697555153824  | 0.05885112330713245  |
|  WeightFiles/200_0.01_20_100_20Apr29_23-47-00.pth  | 0.22462379156987397  | 0.13112379650792963  | 0.07251177574178679  |
|  WeightFiles/200_0.01_20_100_50Apr29_23-48-30.pth  |  0.5678303390242057  | 0.28509836611616796  | 0.10594307793178136  |
| WeightFiles/200_0.01_20_100_100Apr29_23-50-01.pth  |  0.5063336399603783  |  0.287685689392307   | 0.10241004089521309  |
| WeightFiles/200_0.01_20_100_200Apr29_23-51-33.pth  |  0.5411312395382866  |  0.3368251866704846  | 0.12081196136996442  |
|  WeightFiles/200_0.01_20_200_20Apr29_23-53-04.pth  |  0.2997228753326058  | 0.12099549822382634  | 0.07089974342510726  |
|  WeightFiles/200_0.01_20_200_50Apr29_23-54-36.pth  |  0.5444699224386181  |  0.323478730484342   |  0.1222064758968608  |
| WeightFiles/200_0.01_20_200_100Apr29_23-56-12.pth  |  0.5159783979779453  | 0.29109191556852165  | 0.11257217387927143  |
| WeightFiles/200_0.01_20_200_200Apr29_23-57-44.pth  |  0.163180364189521   | 0.08045188042306851  | 0.05725512718623147  |
|  WeightFiles/200_0.01_50_20_20Apr29_23-59-41.pth   | 0.06000494358398762  | 0.030948854664856987 | 0.033978476306484165 |
|  WeightFiles/200_0.01_50_20_50Apr30_00-00-50.pth   | 0.09206015833246191  | 0.05347037618169585  | 0.052231359278646215 |
|  WeightFiles/200_0.01_50_20_100Apr30_00-02-18.pth  |  0.1697677284552082  | 0.11964412016646926  | 0.07977249684889945  |
|  WeightFiles/200_0.01_50_20_200Apr30_00-03-49.pth  | 0.12116148766209905  |  0.0708048677865822  | 0.05051995999859928  |
|  WeightFiles/200_0.01_50_50_20Apr30_00-05-22.pth   | 0.18283015242460693  | 0.07704508473982156  | 0.05057873458275708  |
|  WeightFiles/200_0.01_50_50_50Apr30_00-06-48.pth   |  0.3752167711540247  | 0.21280670421769496  | 0.09774042096330565  |
|  WeightFiles/200_0.01_50_50_100Apr30_00-07-55.pth  | 0.41556389335245775  |  0.2295452953264486  | 0.10356668119797247  |
|  WeightFiles/200_0.01_50_50_200Apr30_00-09-25.pth  | 0.35633061655260834  | 0.20311093623868393  | 0.10557326188949395  |
|  WeightFiles/200_0.01_50_100_20Apr30_00-10-59.pth  |  0.2288413908427807  | 0.14146643824871372  | 0.08078547050747405  |
|  WeightFiles/200_0.01_50_100_50Apr30_00-12-30.pth  | 0.46259280280958265  | 0.27389152934054245  | 0.10372185777213548  |
| WeightFiles/200_0.01_50_100_100Apr30_00-14-01.pth  |  0.5181231165359208  |  0.3198111610010216  | 0.10976917901047903  |
| WeightFiles/200_0.01_50_100_200Apr30_00-15-33.pth  |  0.537734972160303   |  0.3047419362908333  | 0.11466055446035911  |
|  WeightFiles/200_0.01_50_200_20Apr30_00-17-08.pth  |  0.2751812497873727  |  0.1245064535653545  | 0.06681630660063424  |
|  WeightFiles/200_0.01_50_200_50Apr30_00-18-38.pth  |  0.5244664667193039  |  0.3163230468276134  | 0.11794358511375325  |
| WeightFiles/200_0.01_50_200_100Apr30_00-20-15.pth  |  0.3942035518789316  | 0.22404167486710058  | 0.09561355846092397  |
| WeightFiles/200_0.01_50_200_200Apr30_00-21-48.pth  |  0.243043327187192   |  0.1414105415117219  | 0.07089536497051784  |
|  WeightFiles/200_0.01_100_20_20Apr30_00-23-24.pth  | 0.06919451571943205  | 0.028211414636704887 | 0.03282766666432059  |
|  WeightFiles/200_0.01_100_20_50Apr30_00-24-55.pth  | 0.12566003740543982  | 0.05698296947505539  | 0.047986868316873064 |
| WeightFiles/200_0.01_100_20_100Apr30_00-26-22.pth  | 0.10198219461736968  | 0.07034874381939012  | 0.05447059763740952  |
| WeightFiles/200_0.01_100_20_200Apr30_00-27-51.pth  |  0.2847367248112519  | 0.18283464975641833  | 0.09899812645251743  |
|  WeightFiles/200_0.01_100_50_20Apr30_00-29-21.pth  | 0.18988192424059835  | 0.10374957551478448  | 0.07104487427846501  |
|  WeightFiles/200_0.01_100_50_50Apr30_00-30-23.pth  |  0.3087584589760694  | 0.16847129430811714  | 0.08145992527848643  |
| WeightFiles/200_0.01_100_50_100Apr30_00-31-53.pth  | 0.18083721349922346  | 0.10802055340815013  |  0.0574608976823094  |
| WeightFiles/200_0.01_100_50_200Apr30_00-33-24.pth  |  0.4759913386397478  |  0.2417989097009801  | 0.11269409807500563  |
| WeightFiles/200_0.01_100_100_20Apr30_00-34-59.pth  | 0.17733080939155715  | 0.10158506910616046  | 0.059487405191108594 |
| WeightFiles/200_0.01_100_100_50Apr30_00-36-31.pth  |  0.4342034555321295  | 0.22344860435402233  | 0.09077034831644941  |
| WeightFiles/200_0.01_100_100_100Apr30_00-38-03.pth |  0.5614584207850163  | 0.33108923361854864  | 0.11811588110670337  |
| WeightFiles/200_0.01_100_100_200Apr30_00-39-45.pth |  0.4687574320257228  | 0.25819239851136133  | 0.10785076198950877  |
| WeightFiles/200_0.01_100_200_20Apr30_00-41-19.pth  |  0.3449897382299059  | 0.14084410221701243  | 0.06490319684228231  |
| WeightFiles/200_0.01_100_200_50Apr30_00-42-51.pth  | 0.47554297809978185  | 0.29435059898606736  | 0.12149159133478621  |
| WeightFiles/200_0.01_100_200_100Apr30_00-44-26.pth |  0.5123313058349774  | 0.28759547800410795  | 0.11933135841800406  |
| WeightFiles/200_0.01_100_200_200Apr30_00-46-11.pth | 0.25910507898653706  |  0.1269821386280558  |  0.0543636968369208  |
|  WeightFiles/200_0.01_200_20_20Apr30_00-48-05.pth  | 0.12342972269293659  | 0.06250984928599093  | 0.05631352350725615  |
|  WeightFiles/200_0.01_200_20_50Apr30_00-49-13.pth  | 0.06000463370288761  | 0.029489637241843124 | 0.04230821976578237  |
| WeightFiles/200_0.01_200_20_100Apr30_00-50-41.pth  |  0.2278760406892981  | 0.12223051553279882  | 0.059777863892630234 |
| WeightFiles/200_0.01_200_20_200Apr30_00-52-09.pth  |  0.2594414455925912  | 0.14659508740313693  | 0.06952134499684477  |
|  WeightFiles/200_0.01_200_50_20Apr30_00-53-40.pth  | 0.23749932452578687  | 0.13968996390606297  | 0.06497363942224926  |
|  WeightFiles/200_0.01_200_50_50Apr30_00-55-15.pth  | 0.22910307128451315  | 0.15540387325522775  | 0.08563088870517557  |
| WeightFiles/200_0.01_200_50_100Apr30_00-56-53.pth  | 0.29999421130686693  | 0.17037026217461598  | 0.08087145472963381  |
| WeightFiles/200_0.01_200_50_200Apr30_00-58-22.pth  | 0.26024226692743196  | 0.13815237567085478  | 0.06222913810444352  |
| WeightFiles/200_0.01_200_100_20Apr30_00-59-57.pth  |  0.278513161929987   | 0.14687976101341035  | 0.08746471965309509  |
| WeightFiles/200_0.01_200_100_50Apr30_01-01-24.pth  | 0.33051661071077215  |  0.1916275233345086  | 0.08426554822312066  |
| WeightFiles/200_0.01_200_100_100Apr30_01-02-53.pth |  0.3494010981868682  | 0.24147831181761134  | 0.11447839013723185  |
| WeightFiles/200_0.01_200_100_200Apr30_01-04-25.pth | 0.47515811233398836  |  0.244907601548778   | 0.09184879133012476  |
| WeightFiles/200_0.01_200_200_20Apr30_01-05-34.pth  | 0.29941476682758705  | 0.14609707737223213  | 0.06938265471116538  |
| WeightFiles/200_0.01_200_200_50Apr30_01-07-04.pth  | 0.46769895992126614  |  0.2899481407331059  | 0.11896068664654919  |
| WeightFiles/200_0.01_200_200_100Apr30_01-08-37.pth |  0.5925217457339871  |  0.3568478587782187  | 0.13994232349517394  |
| WeightFiles/200_0.01_200_200_200Apr30_01-10-11.pth | 0.37388645971364914  | 0.17171044792625678  | 0.08188469755896818  |
+----------------------------------------------------+----------------------+----------------------+----------------------+
+----------------------------------------------------+----------------------+------------------------+-----------------------+
|                       Model                        | Mean Reciprocal Rank |   Average Precision    |     Recall By User    |
+----------------------------------------------------+----------------------+------------------------+-----------------------+
|  WeightFiles/200_0.01_20_20_20Apr29_23-35-59.pth   | 0.01910316516029087  |  0.002431197996619823  |  0.004097669246733204 |
|  WeightFiles/200_0.01_20_20_50Apr29_23-37-01.pth   | 0.019310221055888668 |  0.002762411635921698  |  0.004651337045631819 |
|  WeightFiles/200_0.01_20_20_100Apr29_23-38-24.pth  | 0.00706634802380171  | 0.00013975533195734432 | 0.0040771103743458435 |
|  WeightFiles/200_0.01_20_20_200Apr29_23-39-26.pth  | 0.015280401218489018 | 0.0034829170571430636  |  0.007153535438283459 |
|  WeightFiles/200_0.01_20_50_20Apr29_23-40-56.pth   | 0.01003852653667205  | 0.0015144063238103484  |  0.004790773786806716 |
|  WeightFiles/200_0.01_20_50_50Apr29_23-42-27.pth   | 0.012573395380365586 | 0.0021046648569868383  |  0.006079345137218677 |
|  WeightFiles/200_0.01_20_50_100Apr29_23-43-55.pth  | 0.01697894096734355  | 0.0022192229833290205  | 0.0031582774634620315 |
|  WeightFiles/200_0.01_20_50_200Apr29_23-45-27.pth  | 0.006427592123465306 | 0.00030218223254213964 |  0.002692241870323274 |
|  WeightFiles/200_0.01_20_100_20Apr29_23-47-00.pth  | 0.013799897883200987 |  0.00250948120936511   |  0.005830442707966624 |
|  WeightFiles/200_0.01_20_100_50Apr29_23-48-30.pth  | 0.012821683606139389 | 0.0026582013424312186  |  0.004792541778594778 |
| WeightFiles/200_0.01_20_100_100Apr29_23-50-01.pth  | 0.008101537038893644 | 0.0009153902964080981  |  0.002539601302211112 |
| WeightFiles/200_0.01_20_100_200Apr29_23-51-33.pth  | 0.009661905907438557 | 0.0013867741305821802  |  0.004396168800247566 |
|  WeightFiles/200_0.01_20_200_20Apr29_23-53-04.pth  | 0.01700085329875749  |  0.005085989913079696  |  0.007727046141475875 |
|  WeightFiles/200_0.01_20_200_50Apr29_23-54-36.pth  | 0.01803426760005571  |  0.004384193120261231  |  0.006921383936174423 |
| WeightFiles/200_0.01_20_200_100Apr29_23-56-12.pth  | 0.009470559256156448 | 0.0015296532694172014  | 0.0031702593718466827 |
| WeightFiles/200_0.01_20_200_200Apr29_23-57-44.pth  | 0.008511829761190753 | 0.0010299372690433062  | 0.0032328531277665625 |
|  WeightFiles/200_0.01_50_20_20Apr29_23-59-41.pth   | 0.009267516760145643 | 0.0025804422164522785  | 0.0031624840625377754 |
|  WeightFiles/200_0.01_50_20_50Apr30_00-00-50.pth   | 0.01140823789905703  |  0.001791760862116899  |  0.002828373614194163 |
|  WeightFiles/200_0.01_50_20_100Apr30_00-02-18.pth  | 0.011329920672461335 | 0.0011575688479906745  |  0.00679373385883182  |
|  WeightFiles/200_0.01_50_20_200Apr30_00-03-49.pth  | 0.00695375028785811  | 0.0012596444190484438  | 0.0015709204297020443 |
|  WeightFiles/200_0.01_50_50_20Apr30_00-05-22.pth   | 0.01512664183287571  | 0.0021995075443991853  |  0.00727230610882389  |
|  WeightFiles/200_0.01_50_50_50Apr30_00-06-48.pth   | 0.01206829044889354  |  0.002319226041846011  | 0.0048225780524088265 |
|  WeightFiles/200_0.01_50_50_100Apr30_00-07-55.pth  | 0.011564009741598042 | 0.0019283287962467528  |  0.005175019175127606 |
|  WeightFiles/200_0.01_50_50_200Apr30_00-09-25.pth  | 0.018264833869437527 |  0.003271460816874903  |  0.007108906037426257 |
|  WeightFiles/200_0.01_50_100_20Apr30_00-10-59.pth  |  0.0212608051479507  |  0.005388852427242521  |  0.009319186324767536 |
|  WeightFiles/200_0.01_50_100_50Apr30_00-12-30.pth  | 0.023144210486890072 |  0.005658693516665652  |  0.006183671326848646 |
| WeightFiles/200_0.01_50_100_100Apr30_00-14-01.pth  | 0.01579128802557101  | 0.0029617088149208894  |  0.005937470014591244 |
| WeightFiles/200_0.01_50_100_200Apr30_00-15-33.pth  | 0.015412369799659011 | 0.0026379776119133704  |  0.00505192449416197  |
|  WeightFiles/200_0.01_50_200_20Apr30_00-17-08.pth  | 0.02296540061129834  |  0.004509201189677195  |  0.006941011883848282 |
|  WeightFiles/200_0.01_50_200_50Apr30_00-18-38.pth  | 0.012652300763898118 |  0.00235379430296226   |  0.004648782119793507 |
| WeightFiles/200_0.01_50_200_100Apr30_00-20-15.pth  | 0.011902580489026872 | 0.0019805274962395704  | 0.0054946748047672534 |
| WeightFiles/200_0.01_50_200_200Apr30_00-21-48.pth  | 0.008878064176504613 | 0.0009832555301595549  |  0.003914961140464501 |
|  WeightFiles/200_0.01_100_20_20Apr30_00-23-24.pth  | 0.010679349134469303 |  0.001677707451217513  | 0.0047343476456985075 |
|  WeightFiles/200_0.01_100_20_50Apr30_00-24-55.pth  | 0.008405697319288075 |  0.00125472829544037   |  0.002447098656814425 |
| WeightFiles/200_0.01_100_20_100Apr30_00-26-22.pth  | 0.010631954109654708 | 0.0016184998910618103  |  0.003663388977989715 |
| WeightFiles/200_0.01_100_20_200Apr30_00-27-51.pth  | 0.009485135693785077 | 0.0019121404309484801  |  0.003161373366381265 |
|  WeightFiles/200_0.01_100_50_20Apr30_00-29-21.pth  | 0.009548696236233212 | 0.0007947550686327777  |  0.005995057734909309 |
|  WeightFiles/200_0.01_100_50_50Apr30_00-30-23.pth  | 0.013854534108182676 | 0.0022138530458189897  |  0.005543693726200177 |
| WeightFiles/200_0.01_100_50_100Apr30_00-31-53.pth  | 0.008228194368085225 | 0.0011293842981923478  | 0.0033695507298929744 |
| WeightFiles/200_0.01_100_50_200Apr30_00-33-24.pth  | 0.014175530438560697 | 0.0030980778981939978  |  0.005330920031456637 |
| WeightFiles/200_0.01_100_100_20Apr30_00-34-59.pth  | 0.019588420894190068 |  0.004301585866833544  |  0.00844444493693568  |
| WeightFiles/200_0.01_100_100_50Apr30_00-36-31.pth  | 0.02117590804402469  | 0.0028203459101098422  |  0.005674113942725088 |
| WeightFiles/200_0.01_100_100_100Apr30_00-38-03.pth | 0.008443169011725902 | 0.0007840352543912915  |  0.004049767200779025 |
| WeightFiles/200_0.01_100_100_200Apr30_00-39-45.pth | 0.008515189505631886 | 0.0010265091912731233  |  0.004492675477961509 |
| WeightFiles/200_0.01_100_200_20Apr30_00-41-19.pth  | 0.014311506071372245 |  0.00127931754348163   | 0.0067312015305041484 |
| WeightFiles/200_0.01_100_200_50Apr30_00-42-51.pth  | 0.01781191346284828  | 0.0035154636771896836  |  0.006304837073055597 |
| WeightFiles/200_0.01_100_200_100Apr30_00-44-26.pth | 0.01440989619145825  | 0.0031877409119088684  |  0.004931346968940096 |
| WeightFiles/200_0.01_100_200_200Apr30_00-46-11.pth | 0.009058139905912454 | 0.0014106967873028244  |  0.003971248902091061 |
|  WeightFiles/200_0.01_200_20_20Apr30_00-48-05.pth  | 0.010930337258647744 | 0.0006373638186718682  |  0.006610128277265191 |
|  WeightFiles/200_0.01_200_20_50Apr30_00-49-13.pth  | 0.004289843326664918 |          0.0           | 0.0016983328495012535 |
| WeightFiles/200_0.01_200_20_100Apr30_00-50-41.pth  | 0.012602565301895997 | 0.0023083090778330713  |  0.004367713185216036 |
| WeightFiles/200_0.01_200_20_200Apr30_00-52-09.pth  | 0.023326403571088453 |  0.00971564325337545   |  0.005980952883619218 |
|  WeightFiles/200_0.01_200_50_20Apr30_00-53-40.pth  | 0.014546701470032324 |  0.002477262063272125  | 0.0038885848994846257 |
|  WeightFiles/200_0.01_200_50_50Apr30_00-55-15.pth  | 0.01613146452594573  | 0.0022179727200044535  | 0.0071540626882819255 |
| WeightFiles/200_0.01_200_50_100Apr30_00-56-53.pth  | 0.006381216527610707 | 0.00010850533195734432 |  0.00212697617415168  |
| WeightFiles/200_0.01_200_50_200Apr30_00-58-22.pth  | 0.008515253363998446 |  0.001169967916929991  | 0.0036221551524257857 |
| WeightFiles/200_0.01_200_100_20Apr30_00-59-57.pth  | 0.027696667905322284 |  0.006883410004598085  |  0.01195456747554317  |
| WeightFiles/200_0.01_200_100_50Apr30_01-01-24.pth  | 0.014327477241550972 | 0.0019465202753902444  |  0.005717179850007927 |
| WeightFiles/200_0.01_200_100_100Apr30_01-02-53.pth | 0.011497634078500366 |  0.001400099416837033  | 0.0050829256882867465 |
| WeightFiles/200_0.01_200_100_200Apr30_01-04-25.pth | 0.008820928053643262 | 0.0011399806763583854  |  0.002969556156911303 |
| WeightFiles/200_0.01_200_200_20Apr30_01-05-34.pth  | 0.02150269163909924  |  0.006316177523027369  |  0.009141330783791746 |
| WeightFiles/200_0.01_200_200_50Apr30_01-07-04.pth  | 0.01142456850124916  | 0.0007925931073570392  |  0.004906890348059979 |
| WeightFiles/200_0.01_200_200_100Apr30_01-08-37.pth | 0.017758947589094777 | 0.0032180124678383194  |  0.007893979118680283 |
| WeightFiles/200_0.01_200_200_200Apr30_01-10-11.pth | 0.006805126233395591 | 0.00019107112143102852 |  0.003048583044720249 |
+----------------------------------------------------+----------------------+------------------------+-----------------------+
+----------------------------------------------------+--------------------+--------------------+--------------------+
|                       Model                        |       Train        |     Validation     |        Test        |
+----------------------------------------------------+--------------------+--------------------+--------------------+
|  WeightFiles/200_0.01_20_20_20Apr29_23-35-59.pth   | 0.9597417189704109 | 0.8659065947395047 | 0.865457937058387  |
|  WeightFiles/200_0.01_20_20_50Apr29_23-37-01.pth   | 0.9649065394370129 | 0.8627731208061489 | 0.862561771456374  |
|  WeightFiles/200_0.01_20_20_100Apr29_23-38-24.pth  | 0.9626111432889723 | 0.866465616558882  | 0.8659048029121745 |
|  WeightFiles/200_0.01_20_20_200Apr29_23-39-26.pth  | 0.9626041681014904 | 0.8635435890940159 | 0.8649711808812509 |
|  WeightFiles/200_0.01_20_50_20Apr29_23-40-56.pth   | 0.9700201128243217 | 0.8648928747033622 | 0.8662226096377854 |
|  WeightFiles/200_0.01_20_50_50Apr29_23-42-27.pth   | 0.9837325144491669 | 0.8605540272151784 | 0.8610412661118558 |
|  WeightFiles/200_0.01_20_50_100Apr29_23-43-55.pth  | 0.9693298989421775 | 0.849082256093405  | 0.8500070338071198 |
|  WeightFiles/200_0.01_20_50_200Apr29_23-45-27.pth  | 0.9627159110589653 | 0.8495644355109152 | 0.8502328858457953 |
|  WeightFiles/200_0.01_20_100_20Apr29_23-47-00.pth  | 0.9783308828976378 | 0.8642485340572331 | 0.8632071574738422 |
|  WeightFiles/200_0.01_20_100_50Apr29_23-48-30.pth  | 0.9840064949881346 | 0.8506929252194174 | 0.8496608241551296 |
| WeightFiles/200_0.01_20_100_100Apr29_23-50-01.pth  | 0.9842208412453224 | 0.8410037591460993 | 0.8409687123541238 |
| WeightFiles/200_0.01_20_100_200Apr29_23-51-33.pth  | 0.9805838808782382 | 0.8420364134660606 | 0.8427023568557561 |
|  WeightFiles/200_0.01_20_200_20Apr29_23-53-04.pth  | 0.9789088415261236 | 0.8521824446571846 | 0.8537523582335478 |
|  WeightFiles/200_0.01_20_200_50Apr29_23-54-36.pth  | 0.9874587079634216 | 0.8437215720182182 | 0.8463995757821078 |
| WeightFiles/200_0.01_20_200_100Apr29_23-56-12.pth  | 0.9860089953813506 | 0.8385796695945656 | 0.838382398766033  |
| WeightFiles/200_0.01_20_200_200Apr29_23-57-44.pth  | 0.963131446031277  | 0.848794966994654  | 0.8477004418285966 |
|  WeightFiles/200_0.01_50_20_20Apr29_23-59-41.pth   | 0.9573524321498978 | 0.8662636194269843 | 0.8683593062186539 |
|  WeightFiles/200_0.01_50_20_50Apr30_00-00-50.pth   | 0.9648957745325726 | 0.8681164368577508 | 0.8673130634799061 |
|  WeightFiles/200_0.01_50_20_100Apr30_00-02-18.pth  | 0.9606727637663908 | 0.8623321112930292 | 0.8619844764009562 |
|  WeightFiles/200_0.01_50_20_200Apr30_00-03-49.pth  | 0.9634821508506779 | 0.8608623420236894 | 0.8616106964903506 |
|  WeightFiles/200_0.01_50_50_20Apr30_00-05-22.pth   | 0.965435266207819  | 0.8616415409939416 | 0.8628107260604203 |
|  WeightFiles/200_0.01_50_50_50Apr30_00-06-48.pth   | 0.9772696217459726 | 0.8527483134414516 | 0.8550725162623881 |
|  WeightFiles/200_0.01_50_50_100Apr30_00-07-55.pth  | 0.9770581497274939 | 0.8504239003654793 | 0.8503853041760248 |
|  WeightFiles/200_0.01_50_50_200Apr30_00-09-25.pth  | 0.9779286932030903 | 0.8549228541177416 | 0.8560729939947846 |
|  WeightFiles/200_0.01_50_100_20Apr30_00-10-59.pth  | 0.9818932418345558 | 0.8650785714014858 | 0.8664991323811774 |
|  WeightFiles/200_0.01_50_100_50Apr30_00-12-30.pth  | 0.9852684925580013 | 0.8488554936489587 | 0.8496193773993521 |
| WeightFiles/200_0.01_50_100_100Apr30_00-14-01.pth  | 0.9805218321765239 | 0.8415936553857039 | 0.8417646412851734 |
| WeightFiles/200_0.01_50_100_200Apr30_00-15-33.pth  | 0.9808583221137552 | 0.8416905579994418 | 0.8449346752798984 |
|  WeightFiles/200_0.01_50_200_20Apr30_00-17-08.pth  | 0.9822563480946045 | 0.8619721907195721 | 0.8630278687907913 |
|  WeightFiles/200_0.01_50_200_50Apr30_00-18-38.pth  | 0.9867263249049376 | 0.8451047876347042 | 0.8469026936757187 |
| WeightFiles/200_0.01_50_200_100Apr30_00-20-15.pth  | 0.9821068520035854 | 0.8451294071016503 | 0.8457288347577674 |
| WeightFiles/200_0.01_50_200_200Apr30_00-21-48.pth  | 0.9739426825944542 | 0.8467063574535708 | 0.8460911631622561 |
|  WeightFiles/200_0.01_100_20_20Apr30_00-23-24.pth  | 0.9503266420100092 | 0.8621899222827676 | 0.8635646114220976 |
|  WeightFiles/200_0.01_100_20_50Apr30_00-24-55.pth  | 0.9596004700565959 | 0.861742567756707  | 0.8619163077095753 |
| WeightFiles/200_0.01_100_20_100Apr30_00-26-22.pth  |  0.96377252629896  | 0.8582752162914594 | 0.8593702590769632 |
| WeightFiles/200_0.01_100_20_200Apr30_00-27-51.pth  | 0.9740022710293991 | 0.8578123347994705 | 0.8581834765126952 |
|  WeightFiles/200_0.01_100_50_20Apr30_00-29-21.pth  | 0.9700490756543381 | 0.8675570272106086 | 0.8659639521299269 |
|  WeightFiles/200_0.01_100_50_50Apr30_00-30-23.pth  | 0.9714335475011187 | 0.8489002393229108 | 0.850685149000074  |
| WeightFiles/200_0.01_100_50_100Apr30_00-31-53.pth  | 0.9674020804913022 | 0.8485175493339766 | 0.8490745040202738 |
| WeightFiles/200_0.01_100_50_200Apr30_00-33-24.pth  | 0.9791760703049699 | 0.8556998854577252 | 0.8574812398643576 |
| WeightFiles/200_0.01_100_100_20Apr30_00-34-59.pth  | 0.9755671964248899 | 0.8614374254546664 | 0.8623678319224859 |
| WeightFiles/200_0.01_100_100_50Apr30_00-36-31.pth  | 0.9846372034998061 | 0.8437878210462788 | 0.8457037140327035 |
| WeightFiles/200_0.01_100_100_100Apr30_00-38-03.pth | 0.9843616317583057 | 0.8388527956268488 | 0.8412582828919984 |
| WeightFiles/200_0.01_100_100_200Apr30_00-39-45.pth | 0.9786502433498698 | 0.8459511130158547 | 0.8458808165868741 |
| WeightFiles/200_0.01_100_200_20Apr30_00-41-19.pth  | 0.9786714478825438 | 0.8563779045273295 | 0.8569550530402317 |
| WeightFiles/200_0.01_100_200_50Apr30_00-42-51.pth  | 0.986593737964024  | 0.8378972008971645 | 0.8404283491904045 |
| WeightFiles/200_0.01_100_200_100Apr30_00-44-26.pth | 0.9868810401753751 | 0.8405139743665658 | 0.8426493343773325 |
| WeightFiles/200_0.01_100_200_200Apr30_00-46-11.pth | 0.9684272176183085 | 0.8540510180314752 | 0.8564757666039208 |
|  WeightFiles/200_0.01_200_20_20Apr30_00-48-05.pth  | 0.964353269160512  | 0.8696551965663277 | 0.8706955562095567 |
|  WeightFiles/200_0.01_200_20_50Apr30_00-49-13.pth  | 0.9616562670244357 | 0.8629484867740889 | 0.8638075844909474 |
| WeightFiles/200_0.01_200_20_100Apr30_00-50-41.pth  | 0.9668537227268317 | 0.8641259535020884 | 0.8648635344404099 |
| WeightFiles/200_0.01_200_20_200Apr30_00-52-09.pth  |  0.96640115176271  | 0.860630739328307  | 0.8628765262973932 |
|  WeightFiles/200_0.01_200_50_20Apr30_00-53-40.pth  | 0.9719492621298248 | 0.8652354800007274 | 0.8654383461906938 |
|  WeightFiles/200_0.01_200_50_50Apr30_00-55-15.pth  | 0.9761619607071205 | 0.8578357810600816 | 0.8576513518376669 |
| WeightFiles/200_0.01_200_50_100Apr30_00-56-53.pth  | 0.9668795713751147 | 0.8508778677742377 | 0.8521540582711683 |
| WeightFiles/200_0.01_200_50_200Apr30_00-58-22.pth  | 0.9636661000619022 | 0.8504065397557126 | 0.8526371932322562 |
| WeightFiles/200_0.01_200_100_20Apr30_00-59-57.pth  | 0.9871054560991178 | 0.8752323501540955 | 0.8745568227857894 |
| WeightFiles/200_0.01_200_100_50Apr30_01-01-24.pth  | 0.9810434663136253 | 0.8449130151303146 | 0.8480804330442142 |
| WeightFiles/200_0.01_200_100_100Apr30_01-02-53.pth | 0.980074188565573  | 0.8395653194568048 | 0.8418212616676823 |
| WeightFiles/200_0.01_200_100_200Apr30_01-04-25.pth | 0.9785174255137609 | 0.8399975332647082 | 0.839893210504179  |
| WeightFiles/200_0.01_200_200_20Apr30_01-05-34.pth  | 0.9824820535095415 | 0.8622194614865031 | 0.8632614910963585 |
| WeightFiles/200_0.01_200_200_50Apr30_01-07-04.pth  | 0.9879100430751206 | 0.8462690307849925 | 0.8458082281934445 |
| WeightFiles/200_0.01_200_200_100Apr30_01-08-37.pth | 0.989285037172425  | 0.8416700762937793 | 0.8446232958880465 |
| WeightFiles/200_0.01_200_200_200Apr30_01-10-11.pth |  0.97610873475958  | 0.8491781381525387 | 0.8494267928989412 |
+----------------------------------------------------+--------------------+--------------------+--------------------+