+-----+----------------------+---------------------+----------------------+
|  k  | Mean Reciprocal Rank |  Average Precision  |    Recall By User    |
+-----+----------------------+---------------------+----------------------+
|  5  |  0.1811976519684731  | 0.09434257022690064 | 0.08450237426293929  |
|  10 | 0.19786616997204826  | 0.08685183573886544 | 0.07829803960770032  |
|  20 |  0.1749116705149521  | 0.07196769138587224 | 0.06792369684803605  |
|  30 | 0.19792637034641197  | 0.06964177393138575 | 0.06871066290838632  |
|  40 | 0.17298122935826474  | 0.07472303379685209 | 0.06264169743656224  |
|  50 | 0.19655058919726118  | 0.07951778337739826 | 0.061709349588481885 |
|  75 | 0.19595671155648808  | 0.07922560637676732 |  0.0615747377915391  |
| 100 | 0.20931416781389256  | 0.07883336066131154 | 0.06111535325959798  |
+-----+----------------------+---------------------+----------------------+
+-----+----------------------+----------------------+----------------------+
|  k  | Mean Reciprocal Rank |  Average Precision   |    Recall By User    |
+-----+----------------------+----------------------+----------------------+
|  5  | 0.04742241886487919  |  0.0128819021533592  | 0.010374693412439968 |
|  10 | 0.057671429719692635 | 0.01151938158955767  | 0.011661915431992825 |
|  20 | 0.046567092208315855 | 0.011751513573490573 | 0.01008776536429795  |
|  30 | 0.051694517720270006 | 0.007947956928589942 | 0.009369798740504191 |
|  40 | 0.039075230676535844 | 0.011306410509322948 | 0.009113462000178173 |
|  50 | 0.04941916734824632  | 0.011810746436870667 | 0.009380751351472906 |
|  75 | 0.044670283857678704 | 0.01012890767879351  | 0.007680158971220581 |
| 100 |  0.0477842861066843  | 0.010050916615634101 | 0.00858938770439192  |
+-----+----------------------+----------------------+----------------------+
